44 83 64 191
91 27 48 166
8 18 77 103
97 65 16 178
3 75 80 158
62 32 32 126
13 25 62 100
30 2 21 53
90 92 19 201
40 71 39 150
30 21 62 113
12 86 1 99
92 77 3 172
56 25 40 121
28 85 20 133
12 56 61 129
41 61 10 112
64 39 68 171
81 61 91 233
9 7 57 73
24 52 33 109
14 10 72 96
78 96 92 266
33 4 36 73
74 18 26 118
66 63 96 225
65 65 3 133
40 85 84 209
58 1 80 139
56 14 48 118
67 70 12 149
17 33 9 59
78 64 41 183
34 76 36 146
26 77 85 188
87 52 95 234
3 11 9 23
65 92 47 204
28 63 44 135
91 36 94 221
29 15 62 106
61 79 32 172
41 52 36 129
91 61 90 242
68 45 92 205
30 68 45 143
97 83 69 249
65 61 51 177
7 62 71 140
7 36 37 80
72 27 34 133
97 60 44 201
12 19 79 110
37 58 25 120
97 97 56 250
78 28 40 146
94 42 29 165
5 17 45 67
22 93 33 148
83 78 3 164
74 51 61 186
75 92 38 205
67 58 1 126
60 24 4 88
90 69 29 188
32 91 23 146
79 4 76 159
32 51 80 163
64 65 27 156
85 7 16 108
87 29 78 194
70 97 13 180
34 30 18 82
22 27 90 139
98 30 14 142
40 4 13 57
33 61 40 134
96 78 55 229
9 81 82 172
55 18 46 119
84 67 27 178
73 11 26 110
57 9 78 144
89 5 37 131
58 43 68 169
58 68 50 176
81 45 56 182
55 83 54 192
17 55 48 120
99 46 22 167
28 12 96 136
2 98 95 195
53 82 87 222
73 63 54 190
86 36 83 205
78 44 83 205
11 36 26 73
32 11 48 91
36 90 41 167
89 61 57 207
