45 93 83 221
92 39 41 172
16 9 21 46
13 29 33 75
60 26 54 140
85 62 34 181
43 78 43 164
45 54 8 107
66 11 22 99
70 6 85 161
84 86 40 210
5 64 60 129
10 62 56 128
5 70 27 102
77 87 60 224
61 4 23 88
38 6 51 95
89 49 8 146
16 69 73 158
39 7 15 61
31 16 44 91
80 19 2 101
85 16 63 164
89 36 17 142
41 64 73 178
63 22 43 128
85 39 7 131
16 60 12 88
91 26 63 180
20 64 90 174
52 4 7 63
19 16 6 41
43 85 42 170
60 4 26 90
90 59 44 193
91 33 38 162
45 92 49 186
53 97 11 161
68 88 20 176
15 2 4 21
39 80 41 160
17 62 32 111
53 60 32 145
65 24 13 102
83 38 21 142
12 44 72 128
77 53 23 153
63 23 9 95
98 34 35 167
63 46 48 157
23 78 42 143
18 87 43 148
82 84 18 184
26 91 60 177
20 2 26 48
73 39 7 119
73 93 61 227
85 89 88 262
37 14 10 61
72 92 92 256
96 32 10 138
70 20 87 177
58 76 62 196
27 60 32 119
38 35 75 148
62 74 24 160
26 80 45 151
19 16 61 96
3 24 58 85
25 43 32 100
42 13 13 68
60 28 11 99
35 63 42 140
19 61 8 88
44 53 3 100
35 26 38 99
50 53 79 182
62 47 49 158
14 44 46 104
76 88 31 195
39 77 3 119
60 12 97 169
94 79 29 202
10 28 31 69
25 1 26 52
81 95 71 247
22 28 75 125
69 28 42 139
81 93 67 241
10 75 30 115
49 28 21 98
77 32 71 180
29 58 78 165
57 81 72 210
40 73 18 131
79 88 52 219
85 53 6 144
28 46 78 152
97 81 34 212
20 63 89 172
54 98 56 208
80 52 45 177
39 4 82 125
2 79 12 93
10 11 72 93
76 63 31 170
10 47 8 65
84 46 9 139
8 24 57 89
61 25 46 132
77 17 93 187
97 94 85 276
58 1 75 134
10 68 82 160
37 92 55 184
53 75 38 166
32 43 29 104
3 77 45 125
80 1 82 163
30 55 48 133
66 86 7 159
24 63 58 145
87 9 54 150
69 27 28 124
22 22 24 68
54 72 80 206
93 21 72 186
8 71 90 169
35 56 72 163
47 47 72 166
81 70 64 215
63 60 30 153
68 48 64 180
63 61 72 196
75 32 99 206
24 2 47 73
47 89 66 202
32 53 80 165
28 16 77 121
65 98 47 210
18 13 18 49
7 76 1 84
90 49 85 224
6 55 60 121
98 42 62 202
53 58 89 200
21 38 42 101
16 36 85 137
15 87 96 198
30 89 7 126
42 25 92 159
57 10 85 152
18 97 69 184
5 60 32 97
21 53 54 128
90 22 67 179
84 52 45 181
87 5 36 128
19 59 12 90
4 6 66 76
19 68 19 106
76 53 35 164
46 79 59 184
64 82 72 218
85 66 91 242
87 75 43 205
55 93 46 194
20 93 92 205
44 24 16 84
23 53 95 171
92 40 88 220
40 3 94 137
14 39 29 82
14 91 9 114
44 18 56 118
91 32 77 200
11 51 27 89
92 62 27 181
17 56 86 159
7 5 1 13
61 97 6 164
72 72 77 221
68 3 87 158
9 13 73 95
88 61 25 174
85 22 94 201
66 71 54 191
14 54 47 115
19 24 27 70
35 59 63 157
12 15 59 86
44 43 79 166
7 58 67 132
64 72 34 170
33 82 14 129
60 98 80 238
25 29 86 140
28 98 51 177
4 65 1 70
67 85 17 169
99 35 13 147
43 32 6 81
70 31 28 129
4 37 75 116
3 54 34 91
16 53 15 84
80 18 75 173
6 23 27 56
10 24 96 130
64 66 48 178
47 18 19 84
35 1 99 135
97 20 48 165
64 33 8 105
79 18 35 132
66 22 19 107
26 29 17 72
27 1 49 77
50 45 45 140
89 84 64 237
61 34 41 136
34 65 7 106
82 25 95 202
84 51 83 218
69 95 4 168
23 31 50 104
86 94 60 240
63 56 18 137
43 37 61 141
3 48 16 67
63 88 63 214
95 4 90 189
16 67 54 137
61 91 75 227
2 4 33 39
75 96 22 193
87 13 54 154
9 79 35 123
42 16 74 132
22 13 3 38
78 89 12 179
14 92 28 134
93 90 68 251
15 53 20 88
17 51 84 152
13 54 61 128
37 4 73 114
25 30 64 119
49 81 1 131
19 68 62 149
79 79 23 181
23 50 6 79
81 48 91 220
85 24 86 195
27 52 25 104
34 39 21 94
96 25 43 164
9 63 47 119
73 83 74 230
24 51 39 114
19 66 74 159
88 64 50 202
95 29 65 189
64 77 12 153
4 60 23 87
17 60 14 91
65 36 88 189
92 36 74 202
84 15 78 177
92 94 65 251
81 28 46 155
1 91 98 190
18 57 2 77
11 28 17 56
25 23 27 75
77 95 37 209
20 5 17 42
33 58 96 187
76 66 76 218
35 40 38 113
71 82 90 243
82 85 61 228
76 19 61 156
43 30 82 155
86 81 35 202
10 70 73 153
80 40 72 192
53 32 60 145
26 29 46 101
7 43 13 63
38 85 28 151
56 71 2 129
53 69 62 184
80 2 6 88
82 60 95 237
94 47 77 218
66 28 53 147
22 60 4 86
98 91 61 250
38 36 35 109
66 77 87 230
37 49 89 175
57 50 32 139
11 44 44 99
48 30 45 123
27 19 87 133
84 6 51 141
32 69 28 129
68 92 14 174
41 14 28 83
88 12 67 167
10 17 33 60
20 37 61 118
83 95 85 263
22 2 91 115
20 97 9 126
51 40 79 170
90 55 94 239
53 12 43 108
3 17 5 25
83 27 86 196
22 38 60 120
78 53 42 173
93 21 77 191
4 27 67 98
29 32 6 67
75 39 6 120
8 26 28 62
38 2 75 115
40 8 25 73
47 54 50 151
7 2 92 101
66 44 72 182
68 54 26 148
2 87 27 116
33 10 26 69
83 56 45 184
53 13 45 111
39 52 92 183
19 39 52 110
2 11 4 17
75 6 23 104
82 26 7 115
1 79 87 167
54 66 79 199
45 68 48 161
63 18 34 115
29 35 76 140
88 71 46 205
9 33 51 93
76 37 26 139
56 88 95 239
13 93 18 124
14 89 62 165
99 27 41 167
80 79 96 255
77 45 83 205
60 71 55 186
36 68 11 115
32 4 46 82
22 83 10 115
4 17 36 57
38 53 31 122
39 89 31 159
31 71 26 128
88 20 75 183
58 70 71 199
34 88 38 160
89 5 58 152
75 66 27 168
3 84 81 168
92 94 73 259
21 17 34 72
61 53 45 159
72 10 13 95
9 56 74 139
8 13 98 119
6 23 96 125
18 87 36 141
34 99 57 190
71 63 50 184
64 31 78 173
90 42 90 222
87 59 23 169
25 90 38 153
86 24 19 129
74 42 3 119
60 12 28 100
25 89 34 148
49 46 43 138
10 10 20 40
26 14 53 93
33 49 53 135
83 48 35 166
60 56 7 123
93 94 50 237
94 69 45 208
60 49 63 172
8 29 49 86
59 43 99 201
49 34 94 177
21 31 73 125
41 60 56 157
57 89 68 214
2 58 44 104
86 58 19 163
20 87 97 204
71 10 81 162
98 99 1 198
68 6 94 168
11 81 55 147
95 81 13 189
70 10 31 111
21 57 7 85
69 99 37 205
29 92 99 220
55 12 32 99
57 28 9 94
85 27 37 149
35 40 95 170
51 47 13 111
91 93 58 242
92 99 76 267
14 32 64 110
14 56 74 144
77 93 90 260
62 58 3 123
88 82 75 245
34 95 83 212
27 83 81 191
49 39 63 151
54 69 49 172
2 43 22 67
46 8 92 146
85 61 99 245
26 94 20 140
86 32 5 123
39 75 72 186
18 5 89 112
79 50 63 192
22 3 33 58
37 28 5 70
83 72 91 246
11 60 3 74
18 85 19 122
34 3 45 82
95 19 15 129
74 63 71 208
51 65 85 201
16 77 45 138
33 83 38 154
75 25 89 189
31 86 55 172
98 45 13 156
67 43 93 203
9 32 93 134
97 91 90 278
43 91 71 205
98 69 65 232
60 72 37 169
9 22 47 78
10 65 49 124
7 79 34 120
57 75 10 142
53 47 58 158
76 53 32 161
67 62 86 215
81 38 98 217
29 95 56 180
82 68 45 195
17 30 71 118
32 69 74 175
84 61 19 164
6 31 17 54
45 17 48 110
36 69 20 125
20 37 11 68
68 27 68 163
76 33 87 196
84 13 46 143
49 54 31 134
63 23 61 147
71 23 69 163
39 95 93 227
34 86 2 122
96 20 47 163
98 95 7 200
9 19 37 65
70 12 95 177
89 69 9 167
77 26 2 105
17 86 46 149
5 6 58 69
62 57 86 205
52 54 2 108
68 76 34 178
75 83 96 254
30 31 50 111
95 82 36 213
28 45 12 85
14 99 12 125
90 6 95 191
38 55 12 105
32 22 32 86
18 48 73 139
4 43 64 111
85 43 44 172
46 65 41 152
90 14 14 118
20 78 42 140
78 53 51 182
14 61 29 104
57 57 2 116
52 36 32 120
47 46 7 100
43 15 26 84
19 4 78 101
30 84 66 180
20 3 84 107
50 68 10 128
83 41 61 185
97 6 4 107
82 47 80 209
28 45 16 89
22 38 68 128
21 4 46 71
41 34 72 147
92 95 16 203
24 50 59 133
12 55 53 120
75 38 81 194
64 83 24 171
40 14 99 153
1 35 8 44
50 25 41 116
18 92 79 189
73 20 56 149
4 64 6 74
47 99 25 171
84 67 97 248
76 87 72 235
7 1 47 55
32 97 32 161
73 62 8 143
21 88 84 193
64 66 56 186
34 14 69 117
37 67 62 166
11 50 30 91
13 98 11 122
9 74 43 126
94 24 63 181
21 48 7 76
85 32 31 148
30 14 94 138
75 52 54 181
70 48 98 216
47 75 81 203
33 61 27 121
71 25 33 129
75 7 31 113
91 12 57 160
92 41 94 227
36 87 84 207
41 64 5 110
93 53 79 225
74 63 88 225
14 16 99 129
92 59 38 189
92 47 2 141
24 36 91 151
92 77 27 196
34 10 71 115
82 51 87 220
88 24 20 132
64 33 48 145
38 45 45 128
67 63 41 171
52 14 72 138
29 72 59 160
37 92 64 193
42 24 20 86
72 3 16 91
51 97 86 234
88 28 10 126
56 24 82 162
10 66 22 98
71 74 47 192
75 14 34 123
78 17 94 189
85 96 10 191
1 72 53 126
81 1 17 99
25 70 71 166
10 36 61 107
56 44 28 128
14 2 25 41
26 80 81 187
35 40 6 81
6 3 18 27
67 53 37 157
68 66 84 218
10 68 70 148
31 30 53 114
93 48 65 206
99 49 25 173
91 74 39 204
16 75 33 124
33 36 50 119
88 12 97 197
99 68 24 191
73 26 89 188
4 69 12 85
49 51 28 128
18 54 87 159
13 55 79 147
54 43 70 167
21 74 29 124
24 99 61 184
15 97 13 125
16 32 51 99
26 22 53 101
24 20 11 55
93 63 9 165
20 92 25 137
58 73 76 207
90 70 18 178
66 46 11 123
68 17 30 115
19 66 9 94
93 39 29 161
44 36 78 158
40 30 22 92
78 5 12 95
32 28 40 100
37 28 82 147
14 58 79 151
9 6 15 30
18 21 25 64
93 48 52 193
68 24 26 118
56 44 63 163
57 82 38 177
91 98 43 232
72 48 90 210
99 10 93 202
16 47 68 131
59 67 77 203
15 40 27 82
83 58 25 166
12 87 68 167
53 74 21 148
67 50 45 162
43 76 8 127
16 91 29 136
12 82 98 192
17 34 17 68
57 62 55 174
56 15 82 153
42 38 18 98
27 92 58 177
96 97 72 265
67 35 44 146
34 5 2 41
15 7 2 24
84 85 38 207
84 54 31 169
22 48 88 158
67 95 62 224
6 13 16 35
57 73 10 140
48 3 55 106
33 21 37 91
91 94 32 217
59 90 30 179
30 70 91 191
58 17 28 103
89 78 16 183
62 38 63 163
14 17 27 58
61 88 1 150
61 7 19 87
99 30 69 198
95 17 66 178
9 20 87 116
6 91 43 140
28 60 29 117
34 29 64 127
62 48 87 197
81 8 83 172
17 1 92 110
18 85 96 199
65 59 15 139
79 99 11 189
79 95 66 240
41 35 26 102
9 81 6 96
61 30 91 182
5 62 76 143
33 41 50 124
84 63 96 243
10 5 69 84
56 51 12 119
23 36 73 132
55 17 81 153
83 77 68 228
76 57 23 156
51 21 31 103
6 82 19 107
26 16 11 53
14 50 47 111
97 72 44 213
81 61 53 195
29 81 12 122
67 36 41 144
85 94 10 189
47 50 1 98
29 3 47 79
16 5 43 64
21 54 23 98
30 74 27 131
14 96 68 178
67 71 5 143
21 32 56 109
57 80 95 232
24 70 7 101
73 14 63 150
61 50 10 121
85 38 16 139
9 8 62 79
76 82 94 252
91 1 92 184
91 27 12 130
46 68 82 196
54 43 7 104
2 89 58 149
31 14 5 50
78 5 15 98
74 24 97 195
89 9 27 125
85 25 43 153
44 48 18 110
35 45 21 101
6 22 87 115
21 8 53 82
38 5 20 63
54 13 92 159
71 83 21 175
60 44 18 122
57 66 50 173
48 96 53 197
41 19 73 133
17 1 14 32
72 60 84 216
81 61 7 149
89 72 11 172
65 12 85 162
14 80 75 169
66 57 7 130
26 82 58 166
19 84 4 107
33 56 76 165
80 1 72 153
46 21 96 163
90 56 30 176
96 77 56 229
17 80 66 163
61 21 63 145
21 7 80 108
59 40 71 170
16 94 85 195
16 68 21 105
85 27 92 204
75 1 52 128
22 5 1 28
45 50 30 125
43 6 84 133
46 55 85 186
58 74 89 221
89 39 22 150
10 21 32 63
2 18 65 85
8 88 1 97
35 56 46 137
35 14 53 102
72 76 91 239
59 67 24 150
96 83 12 191
96 77 90 263
86 53 29 168
27 64 20 111
96 96 87 279
20 79 21 120
22 74 81 177
56 10 70 136
86 94 87 267
8 5 17 30
69 25 42 136
73 40 36 149
68 4 5 77
57 93 30 180
57 69 23 149
85 38 31 154
79 8 96 183
91 63 8 162
40 28 38 106
91 79 16 186
77 37 2 116
41 59 46 146
35 44 40 119
67 76 66 209
23 92 65 180
96 51 17 164
10 24 67 101
19 34 27 80
79 43 50 172
76 83 89 248
6 99 27 132
2 28 59 89
70 4 82 156
10 78 81 169
67 38 75 180
35 64 57 156
54 76 80 210
29 7 74 110
52 9 27 88
74 65 5 144
31 42 4 77
57 62 4 123
44 88 64 196
32 21 87 140
17 69 38 124
28 50 74 152
31 46 53 130
78 27 89 194
21 56 37 114
25 60 27 112
66 67 31 164
84 99 3 186
2 73 47 122
27 88 45 160
41 92 49 182
7 42 15 64
65 99 16 180
69 95 90 254
90 77 91 258
84 45 14 143
79 56 14 149
23 46 76 145
20 33 2 55
73 63 59 195
98 9 1 108
30 22 40 92
25 80 79 184
69 97 63 229
30 83 84 197
17 47 86 150
15 95 82 192
63 44 76 183
99 98 98 295
54 95 71 220
92 19 96 207
20 11 96 127
73 21 40 134
36 21 58 115
5 89 70 164
25 73 42 140
3 79 84 166
16 98 26 140
20 49 53 122
25 56 66 147
84 28 49 161
78 33 38 149
51 77 30 158
58 58 55 171
68 24 48 140
93 37 3 133
11 92 18 121
19 11 23 53
15 67 62 144
17 32 43 92
23 23 65 111
34 22 90 146
86 53 21 160
8 47 24 79
93 68 81 242
99 84 91 274
94 6 76 176
95 9 35 139
62 1 6 69
65 41 9 115
73 31 26 130
93 69 8 170
92 82 91 265
18 59 93 170
95 31 78 204
25 40 60 125
64 51 74 189
53 9 11 73
56 22 93 171
48 64 64 176
55 88 18 161
73 78 97 248
93 29 8 130
8 40 4 52
70 35 3 108
17 7 6 30
40 61 97 198
9 37 98 144
66 25 82 173
74 53 53 180
92 49 13 154
5 23 88 116
37 45 78 160
47 26 30 103
18 96 75 189
71 34 4 109
69 81 34 184
56 99 51 206
86 96 58 240
1 5 99 105
13 92 93 198
36 57 24 117
75 10 65 150
55 80 57 192
86 96 18 200
30 60 74 164
53 79 99 231
22 9 12 43
28 93 32 153
41 81 38 160
79 60 68 207
72 63 30 165
56 90 13 159
30 16 73 119
48 22 23 93
61 58 42 161
37 45 71 153
77 83 45 205
65 61 3 129
99 30 44 173
15 94 52 161
37 77 74 188
31 54 88 173
22 27 25 74
89 83 53 225
3 33 48 84
59 77 36 172
96 45 54 195
36 86 25 147
36 44 4 84
66 42 96 204
13 34 33 80
89 85 23 197
9 14 24 47
72 58 16 146
50 71 37 158
23 12 2 37
78 78 95 251
36 78 8 122
45 83 33 161
91 67 7 165
97 79 48 224
36 53 81 170
21 38 35 94
83 56 43 182
3 71 5 79
10 23 91 124
20 17 92 129
47 76 25 148
14 82 10 106
93 33 8 134
60 24 54 138
1 43 51 95
17 67 73 157
3 1 59 63
99 9 9 117
39 88 28 155
85 92 69 246
41 91 84 216
6 8 88 102
62 51 51 164
7 49 27 83
92 92 39 223
89 36 31 156
64 59 7 130
31 38 55 124
71 17 53 141
12 67 83 162
60 1 77 138
19 45 40 104
81 8 59 148
71 67 79 217
46 63 2 111
99 68 21 188
55 92 67 214
21 58 90 169
82 39 49 170
30 42 2 74
10 71 65 146
68 18 45 131
4 32 6 42
14 10 35 59
26 35 6 67
77 67 41 185
76 14 85 175
1 95 49 145
22 3 63 88
93 95 97 285
95 51 53 199
86 30 65 181
79 35 35 149
76 39 93 208
89 49 36 174
60 10 70 140
70 64 55 189
4 80 23 107
26 2 26 54
24 85 52 161
31 90 67 188
76 32 44 152
7 1 90 98
4 72 76 152
65 30 77 172
15 53 3 71
83 92 7 182
3 4 5 12
3 92 60 155
59 96 96 251
5 52 24 81
93 24 98 215
7 81 5 93
51 77 36 164
44 14 85 143
65 92 9 166
58 80 95 233
14 16 21 51
75 28 44 147
54 95 24 173
71 32 52 155
14 24 2 40
82 99 92 273
24 88 79 191
1 90 64 155
16 63 23 102
9 42 40 91
87 17 45 149
46 50 82 178
59 68 11 138
50 89 14 153
16 94 97 207
55 64 22 141
87 49 79 215
57 74 42 173
64 51 78 193
60 57 94 211
69 34 54 157
57 13 52 122
77 45 57 179
10 54 18 82
92 80 21 193
59 30 39 128
54 10 47 111
27 15 14 56
35 1 82 118
36 97 26 159
72 84 86 242
9 22 70 101
56 18 18 92
49 17 16 82
69 4 16 89
88 27 69 184
69 97 13 179
16 4 66 86
92 26 62 180
7 64 30 101
20 84 33 137
50 8 12 70
69 58 12 139
71 22 33 126
90 77 77 244
74 99 59 232
58 69 87 214
59 46 97 202
79 43 29 151
63 99 60 222
75 10 26 111
92 35 31 158
27 49 97 173
58 19 91 168
50 41 55 146
71 93 70 234
12 19 38 69
59 65 52 176
46 16 13 75
46 77 7 130
80 22 20 122
8 5 21 34
42 49 92 183
33 21 85 139
56 60 76 192
10 50 12 72
65 3 37 105
73 76 91 240
2 47 24 73
36 48 87 171
39 10 10 59
82 5 50 137
44 3 58 105
68 27 39 134
41 4 2 47
92 91 96 279
72 49 80 201
33 96 39 168
70 74 6 150
14 52 52 118
90 46 32 168
69 56 68 193
68 82 45 195
12 37 68 117
88 57 43 188
61 39 6 106
94 11 28 133
59 96 98 253
31 87 79 197
90 15 96 201
65 15 5 85
43 34 61 138
41 41 73 155
47 97 61 205
50 8 22 80
77 14 62 153
20 48 90 158
42 94 2 138
78 19 18 115
23 24 89 136
31 4 91 126
82 8 70 160
28 74 39 141
51 68 88 207
76 8 26 110
4 94 70 168
63 76 90 229
89 69 6 164
99 29 50 178
30 55 86 171
87 93 47 227
35 77 48 160
11 17 90 118
75 93 73 241
61 36 42 139
85 13 38 136
86 6 96 188
45 18 65 128
42 25 7 74
68 28 30 126
48 49 87 184
66 93 65 224
11 23 95 129
84 3 84 171
32 66 23 121
91 71 40 202
39 97 79 215
99 81 54 234
88 25 59 172
47 93 61 201
32 26 80 138
50 76 68 194
45 3 88 136
6 37 52 95
76 48 44 168
43 17 80 140
63 91 65 219
89 57 55 201
10 76 48 134
57 59 70 186
28 14 51 93
32 66 21 119
1 84 4 89
1 93 64 158
14 28 57 99
52 89 37 178
58 63 19 140
39 63 32 134
79 63 21 163
78 33 47 158
1 15 2 18
94 88 61 243
65 6 78 149
71 27 55 153
71 62 4 137
72 17 47 136
71 36 30 137
61 81 54 196
51 63 91 205
39 46 36 121
67 29 37 133
35 72 59 166
80 71 26 177
16 24 96 136
38 95 83 216
73 9 25 107
99 50 7 156
63 35 80 178
14 13 45 72
70 28 50 148
24 49 8 81
33 43 22 98
62 8 16 86
10 35 18 63
12 40 3 55
19 91 84 194
10 22 39 71
64 32 78 174
53 44 2 99
12 97 1 110
68 15 13 96
93 61 97 251
40 54 25 119
81 44 34 159
84 64 26 174
7 98 14 119
7 90 53 150
78 16 58 152
12 48 44 104
42 68 60 170
22 29 2 53
77 83 59 219
8 89 9 106
87 63 26 176
14 43 43 100
98 67 6 171
98 29 41 168
21 79 30 130
44 84 82 210
87 64 65 216
13 3 66 82
4 26 23 53
94 34 47 175
37 47 35 119
83 11 62 156
46 65 9 120
44 90 36 170
97 90 65 252
66 14 64 144
77 99 84 260
14 33 33 80
35 57 14 106
74 83 82 239
1 35 32 68
28 80 14 122
86 22 78 186
63 45 61 169
15 87 14 116
67 1 72 140
75 1 86 162
77 12 90 179
93 57 54 204
27 7 65 99
1 22 91 114
88 58 98 244
49 87 3 139
13 69 56 138
83 11 97 191
97 42 14 153
4 29 92 125
62 21 79 162
50 5 5 60
45 1 24 70
7 92 6 105
32 48 51 131
90 99 37 226
25 1 6 32
89 51 85 225
97 38 80 215
50 30 18 98
85 7 57 149
54 3 7 64
75 89 16 180
60 59 85 204
76 29 49 154
39 48 47 134
51 72 64 187
35 57 41 133
30 73 51 154
43 94 50 187
20 7 55 82
15 54 63 132
3 70 79 152
77 44 62 183
76 63 5 144
70 80 46 196
49 60 89 198
57 18 29 104
88 7 45 140
91 14 20 125
34 91 25 150
35 76 27 138
20 80 2 102
22 58 61 141
37 72 94 203
86 32 59 177
26 42 27 95
64 42 18 124
38 88 14 140
7 60 75 142
77 16 77 170
2 97 39 138
37 99 54 190
44 32 70 146
85 99 91 275
15 73 24 112
75 7 29 111
6 54 32 92
71 33 4 108
14 26 59 99
55 24 88 167
21 65 99 185
92 36 45 173
12 63 74 149
13 72 8 93
26 53 42 121
1 89 67 157
16 67 48 131
4 28 45 77
98 63 75 236
93 21 65 179
1 44 54 99
58 83 68 209
99 4 60 163
47 8 73 128
84 8 84 176
5 50 7 62
5 14 84 103
74 5 76 155
38 39 22 99
70 15 69 154
38 46 28 112
5 93 44 142
8 12 36 56
1 13 94 108
24 66 24 114
30 51 44 125
4 34 43 81
97 77 72 246
24 16 77 117
86 32 80 198
98 31 18 147
95 7 74 176
64 4 86 154
70 66 89 225
7 38 53 98
55 58 40 153
53 77 81 211
57 67 91 215
32 23 58 113
29 52 19 100
36 20 47 103
77 15 70 162
64 62 42 168
76 56 22 154
83 48 86 217
97 61 30 188
91 46 5 142
86 86 69 241
55 40 74 169
39 36 13 88
94 40 74 208
49 97 14 160
9 22 62 93
44 64 2 110
1 99 89 189
90 91 13 194
85 9 53 147
35 25 17 77
16 95 96 207
29 13 47 89
45 76 9 130
28 91 75 194
84 87 31 202
90 20 99 209
47 31 53 131
48 71 99 218
9 1 52 62
97 96 84 277
7 45 72 124
82 22 51 155
35 25 39 99
56 6 7 69
52 14 57 123
75 20 61 156
29 12 53 94
63 56 79 198
30 44 75 149
3 91 79 173
54 32 36 122
61 21 68 150
86 41 32 159
56 83 25 164
20 98 11 129
31 86 97 214
82 27 80 189
17 48 3 68
72 61 53 186
17 8 57 82
14 24 45 83
42 75 1 118
66 53 88 207
25 58 36 119
99 80 5 184
24 34 4 62
53 77 39 169
73 80 41 194
20 93 24 137
72 62 68 202
8 9 60 77
66 3 75 144
30 37 61 128
53 1 18 72
89 37 51 177
48 44 26 118
21 15 39 75
71 55 49 175
31 76 82 189
14 45 90 149
70 83 52 205
12 65 90 167
69 37 96 202
65 44 92 201
29 42 66 137
78 59 58 195
89 1 68 158
52 34 91 177
27 73 3 103
93 38 44 175
4 83 75 162
6 23 65 94
43 20 81 144
92 11 74 177
29 46 34 109
47 15 66 128
88 9 62 159
98 41 40 179
44 9 65 118
86 58 47 191
57 15 70 142
8 26 17 51
61 72 93 226
71 26 69 166
99 22 10 131
82 23 26 131
80 52 9 141
41 74 7 122
95 70 69 234
20 69 61 150
90 11 3 104
25 7 82 114
4 45 94 143
42 45 75 162
23 92 30 145
91 52 19 162
52 91 37 180
15 31 43 89
32 39 35 106
81 46 49 176
54 90 16 160
77 94 58 229
90 54 8 152
15 5 51 71
33 33 92 158
70 62 25 157
88 98 60 246
97 50 92 239
71 7 53 131
76 86 43 205
90 84 26 200
10 73 85 168
32 83 42 157
93 56 47 196
56 89 68 213
6 97 27 130
5 68 14 87
99 37 98 234
30 33 94 157
57 21 81 159
5 63 90 158
57 18 93 168
26 20 23 69
59 76 78 213
33 83 60 176
89 5 48 142
67 62 67 196
48 99 44 191
61 49 50 160
98 76 89 263
42 91 57 190
63 42 55 160
65 80 74 219
90 85 4 179
15 53 20 88
62 61 40 163
43 41 78 162
70 85 1 156
46 77 63 186
75 2 10 87
54 99 51 204
37 68 66 171
52 11 42 105
2 82 15 99
13 96 19 128
75 15 42 132
23 52 32 107
32 82 92 206
67 75 59 201
31 19 16 66
40 64 64 168
52 28 66 146
16 32 49 97
93 61 32 186
31 91 7 129
53 1 14 68
16 1 85 102
38 8 93 139
88 57 10 155
61 66 7 134
34 71 85 190
64 59 88 211
1 78 65 144
8 95 78 181
52 69 13 134
62 43 18 123
87 31 72 190
71 43 86 200
80 75 38 193
61 95 57 213
48 90 17 155
89 85 41 215
69 99 14 182
91 23 53 167
96 44 1 141
17 38 96 151
74 4 92 170
65 19 3 87
32 65 40 137
60 62 38 160
70 8 49 127
71 96 79 246
22 7 87 116
9 20 57 86
53 21 7 81
70 71 16 157
95 10 49 154
28 95 69 192
10 99 9 118
84 39 67 190
2 49 14 65
87 20 46 153
84 80 46 210
41 13 51 105
89 53 76 218
37 79 95 211
26 53 35 114
44 57 52 153
89 5 68 162
63 95 92 250
83 9 21 113
31 27 87 145
70 4 36 110
46 33 29 108
87 31 69 187
69 95 20 184
22 84 31 137
33 88 8 129
72 90 94 256
64 85 56 205
79 25 63 167
34 56 6 96
30 39 74 143
35 42 71 148
14 84 72 170
16 95 6 117
95 95 47 237
89 74 73 236
96 67 17 180
70 57 55 182
91 37 71 199
5 10 99 114
9 10 56 75
99 8 48 155
93 79 79 251
17 15 40 72
66 16 71 153
45 88 29 162
92 76 52 220
58 61 42 161
30 5 46 81
8 1 49 58
73 94 81 248
98 95 40 233
41 28 66 135
56 22 33 111
33 68 26 127
73 24 65 162
50 53 88 191
5 77 74 156
49 24 67 140
68 78 55 201
85 40 70 195
64 51 12 127
43 27 80 150
7 88 80 175
52 16 24 92
86 76 33 195
90 47 24 161
72 84 43 199
72 21 55 148
36 44 54 134
73 24 90 187
41 51 53 145
86 52 35 173
37 79 12 128
3 49 89 141
33 32 51 116
28 81 43 152
78 85 82 245
69 55 9 133
87 32 23 142
12 60 88 160
46 20 99 165
11 52 80 143
99 11 22 132
76 90 40 206
9 88 81 178
69 51 9 129
54 13 86 153
90 10 95 195
89 34 56 179
94 37 65 196
17 23 30 70
12 60 12 84
67 27 52 146
84 2 8 94
55 27 43 125
6 65 4 75
78 56 45 179
60 58 19 137
11 32 46 89
75 77 68 220
12 19 26 57
57 50 91 198
46 52 62 160
27 72 49 148
2 85 1 88
52 63 15 130
49 90 84 223
86 17 43 146
20 32 2 54
11 52 73 136
98 21 23 142
15 9 9 33
4 50 13 67
36 61 67 164
19 34 82 135
93 16 76 185
8 13 72 93
95 78 92 265
86 58 64 208
3 61 19 83
42 24 95 161
24 37 46 107
98 16 1 115
6 55 16 77
16 94 80 190
70 50 39 159
95 23 33 151
71 52 32 155
66 9 28 103
55 51 25 131
8 58 9 75
82 79 14 175
23 78 98 199
41 70 88 199
21 79 95 195
90 96 52 238
7 2 4 13
9 10 29 48
71 43 16 130
54 90 26 170
83 39 58 180
8 7 42 57
1 54 3 58
98 47 83 228
54 97 26 177
60 96 59 215
81 81 26 188
69 81 66 216
92 54 91 237
14 8 21 43
87 82 46 215
68 55 88 211
31 5 10 46
1 56 71 128
18 60 49 127
30 75 12 117
6 45 51 102
86 29 5 120
21 71 31 123
18 39 80 137
65 41 95 201
1 10 8 19
79 89 99 267
27 10 10 47
70 81 37 188
4 8 87 99
79 48 96 223
70 72 73 215
13 76 9 98
77 17 92 186
42 42 78 162
78 42 10 130
34 57 15 106
50 74 23 147
92 30 81 203
96 5 58 159
86 29 26 141
66 14 82 162
18 79 85 182
70 61 9 140
50 45 20 115
21 39 57 117
76 24 66 166
18 26 69 113
94 63 16 173
52 6 76 134
50 82 41 173
92 68 85 245
50 56 10 116
81 29 60 170
4 88 50 142
69 28 26 123
36 86 29 151
82 12 11 105
85 83 99 267
2 51 56 109
71 22 31 124
81 43 10 134
93 80 95 268
2 42 4 48
55 87 54 196
9 72 58 139
64 3 28 95
78 62 23 163
32 80 3 115
37 71 4 112
30 25 6 61
66 82 29 177
13 23 13 49
81 85 44 210
77 88 28 193
3 28 24 55
63 38 29 130
91 58 5 154
17 44 37 98
66 55 88 209
43 97 1 141
87 51 66 204
22 76 15 113
54 98 47 199
2 6 64 72
16 40 1 57
89 57 42 188
28 28 43 99
96 86 79 261
27 86 50 163
38 10 72 120
88 84 58 230
73 87 97 257
78 42 73 193
50 9 90 149
38 66 56 160
10 79 39 128
89 9 85 183
1 48 48 97
8 84 76 168
52 9 32 93
27 74 36 137
68 12 32 112
99 96 96 291
19 63 37 119
83 64 1 148
19 10 76 105
45 16 91 152
45 15 7 67
32 89 90 211
21 12 23 56
35 73 47 155
23 4 98 125
63 32 28 123
91 13 8 112
39 67 6 112
75 79 54 208
89 55 50 194
15 42 89 146
97 27 45 169
58 1 91 150
35 71 41 147
93 17 85 195
47 99 38 184
48 78 19 145
7 2 79 88
14 74 44 132
91 45 22 158
53 98 41 192
88 93 4 185
81 49 58 188
89 93 7 189
23 68 57 148
8 27 95 130
72 4 7 83
74 91 88 253
14 49 82 145
94 35 4 133
4 44 32 80
91 27 58 176
65 50 7 122
74 62 90 226
87 3 12 102
3 26 21 50
53 20 23 96
11 63 61 135
36 83 46 165
87 66 96 249
1 2 70 73
54 29 65 148
90 16 36 142
75 11 13 99
37 50 86 173
11 89 16 116
5 10 61 76
39 24 57 120
9 5 88 102
15 63 71 149
66 65 81 212
76 24 38 138
89 14 87 190
44 20 33 97
42 78 28 148
97 70 8 175
73 56 15 144
54 75 65 194
38 86 40 164
27 46 38 111
2 87 26 115
43 48 68 159
8 22 79 109
89 19 95 203
36 26 50 112
9 64 13 86
28 80 39 147
77 83 82 242
20 57 83 160
20 89 60 169
49 54 53 156
91 84 76 251
57 43 70 170
76 30 60 166
16 51 65 132
69 63 20 152
38 74 44 156
12 89 66 167
84 76 65 225
72 97 12 181
33 75 83 191
37 17 39 93
39 64 46 149
37 15 55 107
73 87 86 246
41 75 10 126
92 18 13 123
92 67 83 242
27 84 72 183
86 91 43 220
37 8 51 96
33 79 81 193
51 64 56 171
56 51 61 168
84 79 15 178
50 51 65 166
13 97 55 165
18 33 81 132
85 40 85 210
19 79 7 105
20 73 96 189
70 20 20 110
24 17 91 132
51 66 2 119
59 78 28 165
19 81 99 199
17 65 80 162
61 8 88 157
67 76 31 174
5 94 90 189
27 38 16 81
3 22 70 95
91 59 34 184
28 10 44 82
32 2 30 64
9 31 73 113
37 82 38 157
99 47 90 236
71 4 24 99
92 48 35 175
77 62 78 217
8 49 28 85
13 29 77 119
7 77 62 146
14 2 96 112
82 46 49 177
15 53 46 114
1 71 87 159
91 43 37 171
80 39 84 203
34 22 24 80
92 66 12 170
5 50 68 123
55 64 70 189
73 48 42 163
27 75 43 145
92 59 57 208
8 86 60 154
28 13 1 42
94 47 10 151
52 25 50 127
34 85 84 203
33 48 8 89
68 55 98 221
13 80 68 161
65 73 31 169
36 40 44 120
89 38 32 159
51 13 38 102
45 6 55 106
50 46 67 163
9 18 13 40
88 29 61 178
33 72 57 162
79 4 19 102
84 61 11 156
95 40 77 212
17 94 50 161
89 54 47 190
76 94 61 231
40 87 79 206
96 69 53 218
98 10 6 114
43 22 86 151
48 86 91 225
51 19 5 75
22 7 45 74
50 57 81 188
62 17 99 178
76 94 57 227
52 26 61 139
88 91 71 250
16 98 36 150
62 30 68 160
67 31 32 130
37 46 4 87
82 52 12 146
36 10 97 143
81 5 56 142
63 54 83 200
94 37 10 141
15 32 25 72
16 26 65 107
63 66 80 209
18 36 77 131
42 4 88 134
7 26 78 111
6 77 97 180
4 51 72 127
10 73 96 179
57 80 83 220
36 62 25 123
84 80 76 240
34 17 59 110
27 53 79 159
42 35 26 103
2 49 75 126
4 38 31 73
97 31 18 146
53 52 36 141
2 78 48 128
43 50 2 95
86 84 83 253
18 50 28 96
22 27 84 133
80 51 33 164
70 9 62 141
26 32 52 110
