70 55 67 192
70 43 84 197
48 34 80 162
32 19 89 140
52 77 66 195
94 32 95 221
15 33 26 74
57 66 61 184
44 59 56 159
98 30 49 177
46 52 53 151
99 28 71 198
14 50 53 117
24 94 78 196
62 84 51 197
60 93 64 217
15 21 49 85
91 26 82 199
85 83 57 225
64 36 50 150
43 21 27 91
3 2 32 37
66 33 7 106
73 3 14 90
32 19 29 80
66 18 63 147
10 14 89 113
85 57 3 145
50 21 5 76
87 14 32 133
36 19 14 69
77 55 26 158
6 83 77 166
84 49 1 134
65 96 34 195
79 72 53 204
20 19 66 105
71 19 32 122
85 35 66 186
66 46 58 170
65 54 49 168
40 40 16 96
41 33 69 143
66 82 34 182
74 50 25 149
21 27 75 123
99 85 98 282
25 81 38 144
47 93 52 192
2 18 12 32
3 36 50 89
99 42 11 152
77 97 59 233
37 6 67 110
77 48 99 224
48 51 63 162
63 67 26 156
87 81 30 198
97 11 89 197
18 89 25 132
34 36 88 158
72 17 7 96
10 87 52 149
5 40 89 134
63 61 19 143
17 70 39 126
34 97 30 161
41 87 49 177
25 87 31 143
53 35 21 109
30 40 1 71
33 72 7 112
20 97 64 181
31 21 97 149
16 33 38 87
64 98 19 181
22 30 69 121
13 4 3 20
25 22 44 91
77 12 85 174
5 15 25 45
65 79 6 150
43 19 56 118
46 57 33 136
16 48 14 78
53 69 41 163
79 5 31 115
45 24 60 129
42 5 98 145
14 81 71 166
31 86 4 121
98 23 63 184
10 39 80 129
9 74 89 172
13 65 37 115
87 29 41 157
29 61 76 166
11 8 80 99
26 43 68 137
29 72 26 127
42 46 77 165
37 53 13 103
62 18 10 90
48 19 11 78
34 33 28 95
90 97 99 286
63 83 95 241
14 28 56 98
17 16 63 96
41 92 64 197
16 87 54 157
92 93 97 282
56 76 33 165
36 30 7 73
21 11 83 115
56 53 12 121
43 93 85 221
76 89 73 238
9 42 59 110
97 5 4 106
15 4 28 47
47 58 54 159
82 91 81 254
43 4 76 123
93 16 11 120
54 86 74 214
27 3 29 59
16 15 34 65
50 19 87 156
45 64 68 177
35 20 36 91
91 86 95 272
45 74 52 171
39 45 20 104
30 23 33 86
82 87 5 174
38 22 7 67
21 21 58 100
86 32 25 143
73 2 30 105
41 63 15 119
30 25 7 62
32 45 27 104
2 88 75 165
76 18 1 95
53 36 24 113
18 54 72 144
66 43 18 127
9 1 99 109
39 42 42 123
53 98 16 167
9 69 47 125
25 64 65 154
77 35 28 140
79 28 38 145
48 57 56 161
45 44 54 143
6 49 4 59
63 36 32 131
65 5 62 132
63 21 6 90
58 20 63 141
95 32 59 186
28 24 65 117
72 24 41 137
12 17 61 90
16 45 70 131
91 22 11 124
78 74 10 162
69 69 23 161
70 14 59 143
64 46 12 122
47 42 95 184
82 90 74 246
15 1 43 59
6 32 4 42
51 25 94 170
72 64 12 148
62 13 87 162
35 11 96 142
8 30 89 127
64 55 20 139
53 95 27 175
23 77 80 180
66 29 54 149
44 87 78 209
67 70 95 232
80 10 70 160
7 7 53 67
61 99 89 249
35 92 41 168
6 52 26 84
1 52 47 100
35 71 97 203
35 84 47 166
37 99 47 183
85 4 96 185
74 40 62 176
80 66 11 157
81 32 59 172
79 4 37 120
28 27 74 129
45 37 96 178
46 1 93 140
99 66 80 245
85 77 76 238
98 44 2 144
74 75 63 212
28 24 71 123
91 4 62 157
55 3 90 148
33 95 20 148
50 42 48 140
80 11 23 114
97 72 83 252
46 49 42 137
50 46 64 160
5 30 31 66
36 46 99 181
28 7 70 105
92 95 47 234
91 92 81 264
8 2 3 13
70 21 37 128
40 6 46 92
55 67 9 131
26 74 63 163
67 41 74 182
95 66 67 228
43 66 14 123
4 32 73 109
39 57 46 142
77 97 52 226
92 35 34 161
16 10 9 35
18 81 21 120
28 77 9 114
20 83 61 164
50 27 68 145
52 73 5 130
81 10 56 147
61 76 98 235
96 74 11 181
1 94 5 100
3 98 68 169
62 89 95 246
95 75 34 204
89 49 54 192
26 82 53 161
99 43 2 144
46 88 48 182
39 63 86 188
30 48 48 126
1 62 43 106
46 87 57 190
29 10 90 129
96 66 78 240
50 34 4 88
57 19 44 120
3 17 16 36
66 11 86 163
78 2 3 83
44 10 16 70
51 27 99 177
93 84 39 216
90 39 11 140
99 46 95 240
33 53 72 158
7 22 80 109
39 57 63 159
1 68 41 110
36 94 52 182
14 70 99 183
44 67 28 139
6 52 38 96
64 20 69 153
33 60 49 142
40 57 91 188
59 44 87 190
35 70 76 181
83 94 95 272
90 99 69 258
76 14 90 180
64 22 65 151
43 32 42 117
44 46 34 124
83 83 96 262
28 68 95 191
92 32 31 155
55 72 77 204
18 13 66 97
74 79 89 242
21 11 91 123
81 65 26 172
49 12 72 133
17 25 71 113
42 77 6 125
15 95 15 125
94 63 88 245
73 34 57 164
77 43 91 211
40 30 58 128
13 47 90 150
91 84 18 193
11 60 80 151
99 4 55 158
12 1 26 39
72 39 69 180
88 47 84 219
15 6 24 45
1 58 27 86
81 65 71 217
45 88 45 178
18 75 17 110
28 47 42 117
20 93 71 184
82 34 33 149
20 11 9 40
3 12 14 29
6 91 75 172
86 69 41 196
31 75 7 113
8 34 17 59
62 49 70 181
75 41 25 141
23 56 4 83
1 79 20 100
41 43 6 90
59 67 83 209
83 50 41 174
6 85 99 190
83 58 76 217
29 2 53 84
36 26 94 156
8 5 10 23
75 30 39 144
91 77 39 207
46 27 45 118
73 18 40 131
99 79 82 260
55 59 95 209
55 3 75 133
36 18 1 55
54 30 75 159
13 82 35 130
46 37 85 168
42 58 8 108
62 78 23 163
85 52 59 196
60 50 17 127
63 17 49 129
88 28 86 202
4 2 35 41
64 50 79 193
58 75 30 163
22 52 50 124
78 45 84 207
68 28 4 100
87 52 85 224
25 21 80 126
61 63 48 172
81 77 53 211
2 40 71 113
35 19 3 57
65 46 54 165
12 85 98 195
90 36 20 146
45 76 86 207
20 1 20 41
39 7 18 64
11 51 24 86
57 93 79 229
12 38 69 119
56 15 13 84
49 80 3 132
40 21 7 68
34 7 85 126
58 71 22 151
59 56 91 206
94 43 29 166
18 91 15 124
92 44 99 235
47 99 24 170
39 16 36 91
4 98 2 104
75 66 9 150
23 28 82 133
39 29 23 91
44 76 25 145
40 59 77 176
34 93 94 221
44 33 90 167
28 12 74 114
64 12 80 156
66 56 89 211
89 85 32 206
78 68 61 207
14 7 15 36
13 2 31 46
60 9 68 137
68 67 27 162
63 82 10 155
71 15 32 118
35 52 74 161
31 12 46 89
54 93 38 185
89 33 80 202
5 44 95 144
72 79 43 194
58 12 63 133
54 23 17 94
6 18 43 67
36 89 12 137
75 79 74 228
85 47 52 184
43 77 37 157
26 76 11 113
46 37 13 96
77 73 84 234
13 61 65 139
10 18 27 55
38 11 3 52
84 52 15 151
65 26 30 121
20 66 55 141
85 27 8 120
95 61 1 157
7 25 39 71
82 90 91 263
32 27 8 67
15 76 94 185
34 2 50 86
28 93 66 187
75 10 6 91
80 32 86 198
27 39 32 98
98 6 17 121
36 91 52 179
1 96 8 105
25 94 50 169
20 8 77 105
60 16 18 94
48 64 8 120
83 85 5 173
80 99 40 219
35 54 97 186
36 22 1 59
23 78 1 102
62 69 45 176
17 18 84 119
85 35 67 187
12 75 12 99
44 75 22 141
50 77 78 205
59 8 69 136
60 34 88 182
97 68 76 241
54 7 36 97
26 26 65 117
9 38 73 120
20 34 65 119
21 80 54 155
87 9 53 149
36 49 14 99
72 90 39 201
74 62 89 225
9 7 55 71
72 7 65 144
29 16 41 86
59 79 36 174
88 84 72 244
40 7 13 60
88 82 65 235
93 13 80 186
67 3 95 165
61 79 24 164
15 5 53 73
22 58 82 162
9 81 74 164
68 98 97 263
84 5 94 183
16 57 76 149
37 60 40 137
16 22 46 84
14 94 75 183
3 81 14 98
54 27 47 128
63 43 60 166
50 8 58 116
59 57 32 148
55 91 1 147
37 36 20 93
7 5 29 41
28 59 20 107
55 3 26 84
69 5 89 163
46 47 15 108
94 22 99 215
59 18 46 123
53 15 30 98
39 41 59 139
58 17 76 151
28 70 11 109
33 30 65 128
68 37 91 196
38 64 53 155
85 55 63 203
28 18 82 128
5 22 75 102
99 95 17 211
65 98 78 241
94 53 14 161
23 53 4 80
6 43 36 85
61 15 76 152
13 78 5 96
16 46 58 120
38 60 85 183
53 39 89 181
6 16 44 66
2 14 78 94
74 49 33 156
61 89 51 201
2 79 67 148
90 4 88 182
50 7 38 95
31 60 59 150
36 46 43 125
10 99 97 206
25 1 17 43
79 63 98 240
55 64 9 128
19 34 3 56
5 47 94 146
63 8 22 93
76 75 22 173
75 6 50 131
82 60 22 164
26 86 91 203
6 2 73 81
56 50 47 153
41 57 82 180
76 87 15 178
53 40 24 117
8 84 17 109
36 93 8 137
59 35 22 116
74 55 62 191
37 26 46 109
48 40 64 152
25 23 20 68
44 29 37 110
83 74 73 230
54 82 32 168
72 16 48 136
85 63 73 221
49 70 51 170
95 12 94 201
46 3 11 60
48 78 84 210
86 16 31 133
34 97 8 139
99 28 55 182
81 49 9 139
86 65 60 211
31 10 17 58
61 19 30 110
88 50 96 234
30 10 77 117
90 41 93 224
14 1 72 87
91 87 8 186
2 83 57 142
68 59 27 154
53 33 86 172
47 46 83 176
87 88 53 228
47 67 4 118
29 69 56 154
31 77 79 187
40 72 58 170
19 34 63 116
84 50 47 181
98 68 51 217
49 15 44 108
89 46 64 199
32 37 11 80
53 49 86 188
22 2 80 104
51 22 84 157
32 68 23 123
8 93 69 170
55 33 77 165
28 9 83 120
37 81 49 167
18 68 39 125
9 33 43 85
27 41 74 142
89 97 9 195
99 38 83 220
62 57 61 180
14 20 19 53
56 21 17 94
19 42 27 88
38 23 39 100
68 75 66 209
43 34 86 163
25 61 78 164
64 43 84 191
8 77 52 137
46 2 2 50
25 38 75 138
15 34 59 108
28 70 45 143
46 45 62 153
74 87 58 219
65 72 1 138
59 18 67 144
90 18 20 128
26 2 64 92
81 67 10 158
76 38 30 144
68 66 11 145
49 73 5 127
44 7 91 142
58 76 83 217
25 16 96 137
14 56 20 90
36 5 99 140
37 56 57 150
81 99 73 253
2 69 29 100
15 9 61 85
91 68 91 250
33 65 97 195
78 83 74 235
95 66 39 200
4 92 30 126
97 22 87 206
36 17 48 101
37 98 78 213
28 90 54 172
22 20 89 131
62 13 37 112
4 68 93 165
27 83 72 182
99 24 54 177
88 22 59 169
51 60 95 206
20 64 71 155
80 83 71 234
52 2 56 110
16 94 69 179
61 97 5 163
67 96 80 243
33 83 84 200
69 79 52 200
19 16 48 83
94 76 50 220
72 63 98 233
86 23 2 111
6 92 91 189
40 53 48 141
61 71 55 187
72 51 17 140
20 80 15 115
98 62 60 220
67 59 11 137
89 89 78 256
80 45 28 153
34 87 81 202
37 41 29 107
28 74 67 169
81 40 51 172
17 26 47 90
22 22 30 74
55 85 45 185
65 71 20 156
81 26 50 157
5 98 43 146
78 98 4 180
90 22 30 142
51 32 58 141
30 29 57 116
5 81 72 158
7 23 85 115
33 57 84 174
38 11 24 73
62 92 62 216
91 71 30 192
41 94 60 195
76 86 11 173
20 80 68 168
30 61 14 105
80 69 55 204
37 94 85 216
85 58 17 160
22 9 68 99
75 65 24 164
9 47 32 88
19 3 13 35
96 19 24 139
44 48 86 178
11 21 78 110
82 6 31 119
1 86 84 171
7 53 88 148
29 22 98 149
90 42 79 211
9 98 82 189
48 52 64 164
88 72 2 162
29 74 85 188
27 33 41 101
28 77 79 184
55 16 93 164
41 17 85 143
20 18 37 75
36 53 30 119
94 71 86 251
2 3 69 74
45 61 1 107
89 25 17 131
95 33 24 152
69 9 83 161
35 57 14 106
29 91 79 199
13 48 79 140
73 69 17 159
35 17 27 79
47 68 11 126
12 54 66 132
35 22 83 140
82 50 99 231
78 64 35 177
65 72 63 200
7 39 84 130
6 40 7 53
6 6 36 48
74 34 85 193
14 35 34 83
71 33 54 158
67 70 2 139
85 28 84 197
48 39 90 177
25 98 74 197
65 16 83 164
23 99 36 158
61 95 92 248
90 63 14 167
25 79 31 135
35 66 47 148
11 27 73 111
60 76 8 144
18 35 72 125
46 91 12 149
88 15 24 127
29 95 47 171
38 80 84 202
67 54 30 151
89 42 52 183
33 27 64 124
50 68 78 196
13 74 16 103
63 10 97 170
8 13 98 119
23 36 5 64
35 88 96 219
23 74 99 196
5 35 51 91
30 60 61 151
78 76 76 230
10 45 16 71
98 12 49 159
6 54 51 111
94 67 6 167
29 34 12 75
11 50 18 79
36 34 10 80
43 78 59 180
13 17 2 32
76 2 71 149
21 43 11 75
45 69 16 130
67 81 38 186
18 54 22 94
77 52 86 215
34 52 65 151
87 47 72 206
14 92 22 128
78 96 55 229
75 80 85 240
51 91 65 207
84 6 74 164
53 80 99 232
10 37 20 67
71 66 72 209
1 77 89 167
8 74 26 108
1 59 39 99
85 89 52 226
87 32 90 209
58 35 56 149
30 20 20 70
60 26 63 149
18 39 61 118
16 49 28 93
23 11 5 39
60 8 81 149
85 57 40 182
22 70 61 153
5 74 9 88
77 35 28 140
85 28 37 150
7 74 98 179
17 13 38 68
83 48 53 184
39 59 78 176
26 6 52 84
1 50 11 62
22 31 21 74
32 30 40 102
85 63 33 181
47 65 68 180
9 62 98 169
70 23 15 108
36 81 26 143
41 99 14 154
36 97 84 217
4 18 21 43
27 79 9 115
75 85 89 249
93 9 24 126
44 45 50 139
29 52 8 89
77 45 68 190
80 2 9 91
9 19 50 78
68 82 10 160
73 19 51 143
20 36 11 67
26 87 47 160
62 6 20 88
38 69 1 108
95 56 4 155
56 15 25 96
18 21 77 116
44 29 94 167
51 23 77 151
6 11 73 90
87 40 81 208
23 79 81 183
29 25 51 105
85 81 70 236
87 77 28 192
47 3 64 114
44 61 55 160
18 22 78 118
58 86 59 203
11 4 52 67
56 14 24 94
4 17 8 29
97 7 66 170
59 27 61 147
66 3 56 125
16 47 71 134
31 71 93 195
39 87 67 193
5 16 12 33
37 82 68 187
91 80 90 261
26 50 32 108
9 50 20 79
16 41 52 109
67 63 28 158
68 84 6 158
87 10 20 117
38 18 47 103
57 48 98 203
38 99 78 215
11 17 59 87
29 57 32 118
71 11 15 97
70 48 34 152
75 45 23 143
3 72 18 93
22 25 52 99
25 97 75 197
92 85 74 251
97 88 46 231
3 54 28 85
70 97 56 223
32 62 56 150
61 36 99 196
84 60 86 230
36 69 36 141
89 93 31 213
88 86 42 216
16 63 20 99
33 80 25 138
33 94 96 223
34 79 69 182
76 18 42 136
75 54 65 194
10 54 59 123
89 39 12 140
58 2 56 116
94 44 9 147
11 21 35 67
53 44 21 118
24 41 72 137
53 4 90 147
65 45 43 153
92 32 64 188
92 29 35 156
87 91 4 182
7 87 80 174
18 60 72 150
74 62 91 227
17 76 52 145
8 44 92 144
68 41 64 173
60 71 13 144
53 1 94 148
27 20 70 117
31 32 96 159
99 26 40 165
55 4 32 91
66 44 63 173
30 9 90 129
50 19 21 90
55 73 15 143
81 74 72 227
38 90 40 168
16 5 17 38
41 32 64 137
63 28 8 99
28 59 14 101
49 88 65 202
14 77 41 132
28 7 97 132
89 64 71 224
31 50 19 100
62 29 13 104
78 6 43 127
60 13 21 94
49 3 98 150
52 85 51 188
69 7 94 170
69 23 48 140
8 11 60 79
81 79 11 171
66 57 43 166
58 48 83 189
62 62 84 208
8 22 90 120
10 80 2 92
16 2 62 80
48 5 97 150
70 97 83 250
8 27 93 128
79 59 86 224
50 45 12 107
8 23 57 88
98 11 93 202
43 29 16 88
36 86 30 152
88 67 25 180
47 84 3 134
25 35 4 64
10 6 29 45
51 85 91 227
84 23 71 178
27 10 83 120
82 55 63 200
38 7 87 132
73 15 70 158
48 8 8 64
90 29 40 159
10 8 11 29
31 32 8 71
28 90 47 165
23 58 46 127
52 99 20 171
14 76 93 183
86 18 57 161
18 82 29 129
68 97 50 215
43 15 30 88
31 25 76 132
16 8 64 88
75 61 33 169
88 54 65 207
27 96 70 193
85 74 71 230
27 27 33 87
73 67 78 218
51 14 8 73
43 54 21 118
52 83 79 214
46 81 85 212
18 57 25 100
64 30 1 95
74 12 30 116
40 21 97 158
89 35 68 192
50 99 88 237
68 43 13 124
88 70 84 242
46 34 32 112
35 55 39 129
94 4 58 156
68 74 44 186
90 43 88 221
81 74 11 166
86 39 24 149
71 56 24 151
3 22 12 37
34 69 94 197
72 28 34 134
57 74 4 135
2 95 80 177
25 55 26 106
13 81 71 165
37 41 57 135
32 73 43 148
33 17 49 99
83 52 74 209
36 28 85 149
76 75 9 160
31 93 2 126
94 3 37 134
72 53 98 223
31 53 41 125
41 14 95 150
81 8 4 93
40 65 96 201
12 39 16 67
22 61 66 149
11 53 54 118
3 88 41 132
99 84 40 223
89 46 31 166
37 58 39 134
21 74 95 190
76 91 88 255
82 9 71 162
7 5 39 51
15 14 84 113
2 49 87 138
4 26 3 33
22 37 25 84
92 93 77 262
7 45 57 109
20 70 94 184
59 25 52 136
15 4 96 115
52 47 52 151
40 37 65 142
65 53 8 126
36 5 3 44
49 9 47 105
42 87 72 201
83 36 93 212
34 36 3 73
26 67 50 143
65 50 64 179
79 29 91 199
56 20 71 147
94 32 83 209
67 60 17 144
75 96 87 258
51 5 1 57
30 65 59 154
38 65 80 183
58 15 24 97
94 11 15 120
74 89 11 174
16 37 74 127
55 90 81 226
47 28 54 129
58 36 42 136
32 72 51 155
85 5 86 176
59 49 37 145
87 41 53 181
86 45 43 174
94 48 26 168
76 40 69 185
66 18 56 140
70 94 17 181
65 59 34 158
44 28 12 84
38 27 50 115
80 75 68 223
32 8 75 115
6 86 84 176
90 25 86 201
32 83 95 210
76 81 44 201
94 20 23 137
23 68 10 101
50 16 8 74
88 33 26 147
94 32 75 201
33 50 75 158
83 23 37 143
18 51 11 80
61 72 44 177
32 25 6 63
4 43 19 66
15 22 34 71
29 87 78 194
42 13 65 120
50 84 44 178
28 45 5 78
83 79 20 182
39 41 83 163
77 41 16 134
47 18 19 84
74 82 31 187
1 80 54 135
60 84 97 241
10 43 25 78
62 1 41 104
65 87 12 164
47 19 92 158
88 28 62 178
55 73 3 131
37 7 84 128
52 49 36 137
88 76 30 194
55 31 1 87
87 42 13 142
39 64 91 194
20 47 92 159
62 1 26 89
76 80 23 179
59 32 9 100
58 37 90 185
73 56 88 217
50 34 81 165
7 42 42 91
30 17 80 127
81 53 82 216
93 57 55 205
47 12 97 156
43 95 20 158
52 56 50 158
62 86 43 191
49 28 89 166
80 21 13 114
21 54 62 137
40 35 85 160
2 49 83 134
13 85 38 136
96 49 49 194
84 81 36 201
54 31 14 99
21 35 31 87
17 98 26 141
28 96 99 223
5 12 20 37
20 57 50 127
13 38 73 124
41 44 57 142
97 43 65 205
99 32 12 143
76 81 56 213
34 49 7 90
70 17 97 184
12 49 11 72
20 40 63 123
44 86 94 224
2 54 91 147
27 7 84 118
14 60 38 112
63 23 17 103
11 87 62 160
63 63 79 205
27 31 61 119
80 4 62 146
98 3 21 122
51 81 64 196
7 50 7 64
59 52 23 134
77 27 86 190
85 9 98 192
5 35 29 69
18 16 24 58
57 41 56 154
33 45 10 88
91 66 92 249
23 28 96 147
31 88 87 206
23 96 68 187
62 40 33 135
73 4 25 102
55 70 83 208
89 45 83 217
64 18 15 97
69 40 81 190
95 2 80 177
83 35 33 151
14 61 43 118
37 99 59 195
59 48 76 183
31 85 8 124
3 72 90 165
4 21 57 82
58 65 10 133
30 86 58 174
8 2 4 14
22 70 1 93
88 76 96 260
94 72 46 212
65 62 27 154
80 60 83 223
85 87 27 199
48 17 83 148
75 93 77 245
35 36 98 169
60 97 63 220
24 7 21 52
65 65 33 163
85 44 32 161
61 80 89 230
36 92 85 213
4 66 78 148
25 17 49 91
78 31 36 145
26 76 73 175
97 4 5 106
49 4 26 79
28 13 90 131
38 36 44 118
18 91 10 119
87 76 30 193
70 24 34 128
95 35 55 185
76 36 74 186
22 29 51 102
9 73 68 150
91 76 41 208
31 66 44 141
42 99 17 158
12 58 7 77
87 17 69 173
68 60 93 221
8 22 31 61
98 64 50 212
80 94 67 241
92 2 58 152
30 56 44 130
3 16 30 49
12 54 24 90
16 97 54 167
78 81 66 225
39 84 28 151
85 79 73 237
32 98 21 151
88 9 70 167
86 11 1 98
37 41 25 103
35 6 65 106
30 94 64 188
83 8 67 158
27 26 45 98
62 52 59 173
34 70 82 186
7 53 8 68
12 26 87 125
36 14 94 144
85 37 50 172
46 51 48 145
71 24 23 118
81 40 91 212
5 95 81 181
7 57 73 137
36 89 25 150
40 24 15 79
37 79 16 132
77 7 64 148
36 74 83 193
29 61 37 127
83 10 37 130
83 92 60 235
36 47 75 158
43 62 95 200
45 78 10 133
38 91 90 219
28 12 25 65
60 84 99 243
21 8 7 36
23 7 15 45
48 5 94 147
66 1 6 73
16 21 59 96
14 47 42 103
66 66 52 184
85 74 10 169
93 99 88 280
77 51 58 186
25 19 16 60
49 8 94 151
91 99 4 194
32 46 17 95
82 38 3 123
32 15 69 116
88 23 25 136
33 61 41 135
44 78 1 123
67 2 38 107
73 30 16 119
55 74 50 179
23 21 76 120
11 33 31 75
9 65 42 116
81 48 18 147
25 4 79 108
65 77 58 200
41 94 92 227
34 16 55 105
64 51 58 173
77 17 1 95
59 84 19 162
86 8 98 192
12 77 89 178
93 57 7 157
13 70 51 134
16 89 83 188
97 35 67 199
26 47 59 132
17 21 2 40
84 35 24 143
3 60 49 112
94 92 96 282
25 89 68 182
91 9 81 181
16 52 70 138
4 63 8 75
59 29 92 180
24 74 45 143
65 91 75 231
84 43 30 157
48 79 64 191
68 51 11 130
25 68 3 96
76 33 45 154
2 40 39 81
61 75 22 158
45 13 25 83
78 54 90 222
34 7 1 42
39 32 25 96
17 95 44 156
80 36 11 127
48 40 93 181
78 8 2 88
74 71 21 166
70 23 45 138
98 4 89 191
26 20 3 49
67 74 57 198
60 6 27 93
87 80 31 198
68 90 23 181
58 43 18 119
2 82 41 125
99 90 54 243
46 80 25 151
71 60 39 170
96 15 82 193
33 88 16 137
5 58 39 102
12 63 77 152
57 49 22 128
85 11 89 185
83 38 22 143
14 99 52 165
32 54 42 128
86 70 29 185
63 20 18 101
72 29 7 108
76 96 9 181
68 3 73 144
53 10 3 66
55 87 85 227
60 25 10 95
53 15 37 105
32 5 70 107
37 7 77 121
99 87 23 209
14 70 61 145
30 73 55 158
30 64 87 181
82 22 55 159
35 78 6 119
83 43 57 183
97 36 72 205
53 41 59 153
14 50 60 124
28 95 48 171
15 64 1 80
19 76 58 153
33 84 58 175
97 66 32 195
4 93 66 163
48 48 38 134
91 92 98 281
57 16 93 166
65 7 81 153
90 79 31 200
65 2 95 162
76 75 37 188
55 79 40 174
52 92 70 214
44 28 64 136
26 7 27 60
91 15 39 145
8 8 60 76
70 6 68 144
49 30 12 91
6 2 63 71
95 11 55 161
16 24 57 97
87 24 49 160
69 22 1 92
51 36 81 168
42 9 93 144
63 61 93 217
91 89 71 251
42 54 77 173
1 80 60 141
84 89 28 201
30 88 71 189
77 37 4 118
7 24 60 91
66 77 75 218
82 60 46 188
71 63 44 178
2 67 99 168
58 57 95 210
22 86 38 146
6 31 44 81
10 57 24 91
74 4 38 116
86 79 43 208
23 30 13 66
86 74 72 232
65 35 32 132
77 99 1 177
90 30 9 129
55 35 2 92
8 29 46 83
40 94 4 138
4 6 77 87
24 96 36 156
12 82 59 153
79 14 28 121
11 30 98 139
20 67 2 89
21 83 9 113
37 58 95 190
33 10 59 102
59 49 88 196
13 76 7 96
26 25 94 145
48 16 52 116
58 2 33 93
6 25 76 107
5 45 33 83
54 69 36 159
28 81 56 165
23 29 42 94
39 51 5 95
79 14 52 145
32 46 33 111
90 55 32 177
56 97 43 196
42 45 60 147
64 26 84 174
69 83 18 170
61 1 14 76
71 65 14 150
49 19 78 146
52 20 46 118
67 70 15 152
29 19 50 98
51 64 41 156
4 22 21 47
65 85 76 226
44 9 88 141
43 94 20 157
24 7 93 124
89 97 97 283
37 73 51 161
35 27 7 69
28 77 1 106
35 69 27 131
75 23 68 166
50 10 16 76
40 71 26 137
4 65 95 164
40 7 34 81
76 38 13 127
34 98 48 180
2 4 69 75
35 76 40 151
41 65 96 202
35 14 82 131
97 54 14 165
94 84 6 184
10 16 79 105
93 69 31 193
51 85 58 194
32 64 12 108
18 29 13 60
99 74 23 196
59 47 75 181
84 82 21 187
87 47 31 165
13 17 12 42
90 18 2 110
44 65 41 150
33 37 82 152
95 44 7 146
37 12 30 79
83 36 50 169
89 58 4 151
22 13 6 41
8 70 34 112
44 86 18 148
28 14 6 48
26 46 91 163
61 88 84 233
39 62 92 193
15 46 45 106
62 49 21 132
49 47 18 114
88 73 98 259
48 57 23 128
34 33 4 71
86 64 8 158
28 30 21 79
45 75 60 180
4 64 57 125
84 43 63 190
49 83 78 210
15 88 49 152
55 61 93 209
52 88 65 205
34 8 44 86
30 27 79 136
15 39 68 122
19 85 14 118
17 49 39 105
7 12 4 23
61 68 24 153
66 51 85 202
54 73 27 154
13 76 71 160
11 64 96 171
96 64 8 168
8 7 19 34
97 74 32 203
73 64 87 224
6 52 51 109
41 84 60 185
49 51 80 180
65 13 72 150
70 99 51 220
69 86 45 200
40 23 99 162
34 65 73 172
82 56 47 185
48 1 93 142
32 13 48 93
18 47 43 108
55 9 62 126
66 19 84 169
74 96 42 212
88 28 30 146
21 98 50 169
88 81 9 178
10 12 92 114
50 28 11 89
44 48 54 146
33 28 66 127
31 14 74 119
49 91 89 229
95 22 76 193
78 42 56 176
64 83 12 159
71 40 75 186
96 77 54 227
36 6 71 113
20 27 62 109
91 39 23 153
20 62 46 128
90 59 65 214
78 23 76 177
41 78 95 214
79 17 65 161
98 30 99 227
22 93 29 144
23 13 94 130
95 37 52 184
53 44 46 143
32 58 2 92
49 84 41 174
16 68 36 120
8 88 91 187
27 39 35 101
68 49 46 163
27 31 36 94
74 10 2 86
78 8 93 179
16 59 50 125
27 25 29 81
63 85 7 155
9 51 37 97
25 66 54 145
48 40 26 114
66 26 15 107
85 61 36 182
56 78 82 216
79 16 89 184
91 35 73 199
98 50 42 190
38 46 32 116
81 45 32 158
49 74 24 147
57 55 19 131
63 57 61 181
31 93 48 172
38 33 31 102
54 44 88 186
28 47 25 100
72 7 82 161
20 5 18 43
79 23 56 158
39 18 7 64
28 95 89 212
30 64 89 183
16 15 26 57
24 30 72 126
5 78 22 105
60 36 85 181
3 45 9 57
26 75 88 189
33 20 27 80
61 47 28 136
10 39 30 79
57 5 54 116
53 68 26 147
23 63 72 158
39 73 65 177
7 62 12 81
33 84 35 152
47 40 37 124
74 64 46 184
12 5 61 78
13 46 56 115
97 99 9 205
31 62 57 150
91 67 45 203
3 13 41 57
86 35 59 180
79 6 47 132
12 86 14 112
69 78 21 168
36 50 80 166
77 24 76 177
23 53 11 87
43 55 25 123
91 42 33 166
29 23 43 95
90 62 99 251
72 27 21 120
62 23 90 175
41 97 46 184
52 57 2 111
73 73 15 161
27 47 96 170
91 77 81 249
20 5 38 63
24 38 26 88
65 20 46 131
52 15 67 134
86 55 98 239
73 47 22 142
97 25 67 189
78 25 78 181
3 50 96 149
82 44 19 145
46 7 65 118
12 59 12 83
36 70 16 122
9 45 46 100
71 88 52 211
70 49 4 123
29 71 49 149
14 55 60 129
47 98 38 183
5 12 32 49
19 19 82 120
50 8 99 157
33 15 30 78
51 7 83 141
16 87 45 148
79 26 36 141
69 99 88 256
63 53 74 190
93 34 79 206
11 41 32 84
63 31 37 131
26 1 70 97
85 29 63 177
42 48 34 124
57 4 70 131
51 30 5 86
35 83 94 212
96 59 24 179
64 25 34 123
15 73 28 116
22 43 15 80
12 59 48 119
95 31 95 221
30 87 63 180
64 4 84 152
23 24 24 71
22 78 11 111
19 66 93 178
23 63 77 163
81 54 59 194
11 26 74 111
94 79 96 269
50 39 8 97
55 50 9 114
96 68 35 199
51 67 33 151
77 65 26 168
22 89 96 207
33 50 62 145
33 39 13 85
39 21 25 85
67 59 35 161
2 45 70 117
87 97 55 239
92 38 54 184
13 78 86 177
28 45 56 129
16 65 71 152
22 60 6 88
40 47 48 135
70 96 78 244
95 5 93 193
30 17 58 105
61 20 74 155
40 71 25 136
96 82 58 236
99 10 22 131
86 76 92 254
38 65 42 145
63 49 78 190
96 51 74 221
47 1 29 77
93 41 44 178
54 31 58 143
59 94 60 213
63 31 95 189
55 18 46 119
35 78 81 194
91 53 56 200
55 31 25 111
53 95 58 206
45 8 2 55
30 11 43 84
83 75 46 204
56 16 59 131
83 20 95 198
84 37 34 155
75 81 60 216
62 15 40 117
17 48 60 125
92 82 62 236
40 41 24 105
88 8 19 115
60 51 89 200
23 85 93 201
10 91 46 147
14 10 28 52
8 24 96 128
98 40 21 159
2 20 47 69
9 19 22 50
82 94 23 199
75 8 97 180
36 74 24 134
60 97 40 197
10 53 89 152
32 6 94 132
79 57 7 143
66 9 28 103
63 4 50 117
20 77 37 134
8 9 9 26
76 48 17 141
52 83 42 177
69 39 75 183
76 73 45 194
27 6 5 38
26 47 48 121
89 22 54 165
93 65 61 219
9 89 42 140
69 49 17 135
56 41 19 116
59 56 9 124
55 22 92 169
19 54 66 139
26 70 28 124
73 39 90 202
94 23 6 123
73 95 25 193
65 42 42 149
60 5 48 113
45 39 3 87
55 56 45 156
95 10 43 148
72 62 46 180
92 34 59 185
94 78 69 241
85 4 75 164
17 51 21 89
21 29 61 111
19 85 50 154
59 27 9 95
3 91 65 159
63 46 42 151
7 90 41 138
40 96 66 202
12 41 13 66
68 70 52 190
69 74 57 200
87 55 82 224
14 25 94 133
15 98 72 185
44 91 98 233
51 1 69 121
51 95 29 175
89 3 91 183
89 24 26 139
11 63 82 156
98 66 5 169
86 45 63 194
6 88 70 164
4 23 10 37
44 91 90 225
58 98 47 203
14 96 91 201
22 53 42 117
36 74 39 149
67 63 34 164
89 39 94 222
19 12 61 92
46 25 15 86
29 49 46 124
18 50 59 127
40 99 92 231
60 26 63 149
45 57 60 162
69 17 56 142
17 76 72 165
54 75 9 138
9 25 31 65
98 66 71 235
34 78 54 166
17 28 30 75
12 90 54 156
74 87 4 165
45 7 61 113
8 67 11 86
72 21 36 129
98 37 52 187
43 46 71 160
53 11 54 118
41 68 85 194
3 11 40 54
33 36 52 121
50 84 91 225
36 46 87 169
33 93 62 188
70 94 46 210
23 49 59 131
14 47 81 142
88 92 16 196
84 29 79 192
88 28 99 215
21 52 78 151
57 32 19 108
78 57 68 203
83 30 96 209
18 61 44 123
87 92 75 254
72 51 17 140
1 41 23 65
51 49 50 150
8 35 7 50
6 24 75 105
35 53 27 115
27 11 58 96
68 30 84 182
52 23 17 92
92 27 26 145
22 50 24 96
11 65 19 95
86 92 98 276
48 25 56 129
82 86 57 225
54 39 25 118
59 24 2 85
31 77 63 171
81 54 34 169
42 20 90 152
21 78 53 152
47 39 40 126
15 25 75 115
45 66 68 179
14 90 80 184
83 1 27 111
63 5 83 151
11 4 76 91
91 68 65 224
57 73 67 197
37 64 7 108
24 76 25 125
85 1 18 104
49 71 6 126
49 64 2 115
95 77 67 239
10 72 64 146
97 95 42 234
63 9 33 105
59 98 10 167
87 75 84 246
42 91 97 230
60 43 70 173
94 48 72 214
97 41 25 163
62 17 84 163
83 22 34 139
50 27 57 134
66 68 65 199
40 60 57 157
31 78 2 111
21 76 72 169
69 96 78 243
12 14 40 66
22 48 69 139
16 19 27 62
99 59 87 245
64 20 85 169
45 36 18 99
40 92 96 228
63 20 28 111
6 44 72 122
72 56 40 168
53 11 63 127
5 44 79 128
45 54 6 105
59 41 11 111
43 16 74 133
69 25 53 147
55 78 10 143
4 43 64 111
3 77 30 110
45 21 82 148
68 8 33 109
68 90 61 219
48 6 25 79
33 33 21 87
62 67 13 142
43 67 86 196
28 15 21 64
87 25 9 121
67 93 67 227
73 26 83 182
84 71 5 160
78 41 74 193
2 82 16 100
7 97 5 109
28 32 58 118
66 33 77 176
83 95 13 191
59 38 81 178
74 90 62 226
76 63 51 190
14 70 53 137
95 90 96 281
50 70 24 144
21 85 46 152
88 47 68 203
53 12 74 139
85 99 29 213
76 14 57 147
97 98 97 292
21 70 79 170
64 91 64 219
49 60 63 172
32 16 46 94
18 46 26 90
95 50 85 230
93 93 95 281
71 4 49 124
96 63 40 199
7 25 17 49
95 13 61 169
94 21 50 165
9 92 15 116
28 92 3 123
71 37 89 197
57 85 84 226
82 8 46 136
86 56 75 217
30 92 85 207
25 75 50 150
94 67 83 244
69 55 21 145
61 55 47 163
95 75 83 253
49 10 56 115
37 48 4 89
41 24 43 108
33 36 20 89
31 66 34 131
70 87 87 244
94 70 73 237
41 8 46 95
45 53 95 193
66 89 28 183
53 67 84 204
62 47 77 186
18 90 16 124
21 88 56 165
16 93 19 128
38 86 15 139
92 7 96 195
51 13 1 65
4 54 40 98
34 72 43 149
52 26 12 90
29 30 60 119
51 4 17 72
40 57 61 158
6 79 96 181
33 13 17 63
87 65 81 233
74 54 95 223
80 46 78 204
71 57 28 156
9 37 19 65
1 40 35 76
24 61 4 89
17 63 9 89
83 30 68 181
76 13 44 133
66 44 8 118
36 37 99 172
39 45 30 114
98 94 13 205
13 96 30 139
86 86 87 259
16 95 60 171
23 4 69 96
75 88 60 223
49 75 79 203
10 40 6 56
68 18 73 159
77 22 9 108
22 28 87 137
20 60 84 164
52 49 21 122
80 49 94 223
97 47 20 164
58 77 93 228
49 49 20 118
14 95 52 161
58 31 63 152
35 98 1 134
5 23 60 88
71 8 33 112
76 70 29 175
26 69 81 176
50 54 43 147
94 51 68 213
53 35 58 146
42 30 21 93
4 41 68 113
2 53 35 90
15 94 77 186
99 59 22 180
36 51 75 162
25 1 54 80
56 19 22 97
80 6 40 126
71 37 77 185
26 26 18 70
46 94 22 162
23 82 95 200
27 11 10 48
59 56 54 169
13 61 56 130
70 64 50 184
72 53 37 162
95 89 88 272
56 25 31 112
5 68 32 105
94 42 70 206
85 96 43 224
1 83 60 144
28 18 59 105
98 69 22 189
65 20 79 164
17 80 85 182
44 32 88 164
65 14 50 129
84 82 72 238
93 97 20 210
85 50 10 145
87 99 86 272
75 37 44 156
53 99 16 168
51 38 31 120
68 14 72 154
74 8 67 149
72 62 8 142
26 39 2 67
75 65 29 169
63 65 86 214
87 8 62 157
26 19 72 117
77 57 39 173
33 66 49 148
24 23 71 118
4 43 15 62
32 19 9 60
45 63 84 192
72 96 15 183
55 50 27 132
64 49 84 197
31 70 55 156
4 44 21 69
77 76 46 199
88 89 40 217
43 36 45 124
21 86 67 174
43 70 60 173
87 35 14 136
98 72 68 238
97 97 47 241
81 16 5 102
31 19 77 127
93 57 35 185
26 68 44 138
94 98 9 201
30 71 21 122
67 87 23 177
32 30 26 88
54 53 32 139
62 8 96 166
93 87 90 270
19 63 47 129
35 48 55 138
65 85 82 232
10 73 5 88
92 63 11 166
13 45 63 121
83 26 84 193
22 98 82 202
99 74 46 219
17 12 18 47
75 48 54 177
44 80 60 184
69 32 74 175
34 99 68 201
26 66 5 97
48 93 75 216
67 55 99 221
82 56 30 168
70 6 1 77
57 22 59 138
69 64 7 140
4 67 36 107
47 49 24 120
72 34 1 107
12 48 61 121
20 84 12 116
61 84 22 167
63 49 3 115
49 44 90 183
81 23 17 121
87 84 89 260
5 92 65 162
40 53 1 94
27 38 79 144
40 7 61 108
72 31 83 186
35 67 67 169
30 48 7 85
13 24 3 40
81 40 60 181
54 29 94 177
55 69 71 195
61 13 4 78
51 95 86 232
61 20 77 158
26 46 59 131
19 53 70 142
80 87 2 169
14 25 55 94
72 4 37 113
55 91 76 222
97 97 56 250
90 92 2 184
29 89 99 217
19 38 77 134
96 62 70 228
32 90 87 209
40 21 13 74
50 55 70 175
61 45 94 200
70 44 54 168
22 2 43 67
14 43 71 128
27 99 95 221
31 82 7 120
34 45 64 143
30 37 45 112
35 54 40 129
28 27 37 92
43 35 92 170
44 38 30 112
12 77 79 168
93 57 50 200
97 32 5 134
83 75 75 233
69 52 58 179
50 91 79 220
23 19 20 62
57 64 49 170
72 50 86 208
35 70 15 120
56 92 30 178
58 40 86 184
53 46 30 129
86 2 21 109
64 82 84 230
88 16 42 146
52 82 70 204
52 16 75 143
73 22 28 123
16 65 77 158
26 12 54 92
97 3 29 129
99 81 7 187
1 7 51 59
98 54 23 175
71 17 94 182
55 49 87 191
74 45 58 177
61 71 30 162
59 66 62 187
18 89 15 122
21 86 73 180
89 46 55 190
55 58 18 131
7 20 4 31
39 40 66 145
91 83 62 236
99 65 78 242
96 8 24 128
99 32 5 136
84 44 50 178
60 26 9 95
50 20 5 75
90 41 51 182
89 76 54 219
72 11 18 101
63 34 4 101
98 44 43 185
36 25 67 128
10 32 44 86
22 61 43 126
67 97 81 245
9 26 87 122
50 20 24 94
35 39 32 106
89 21 75 185
92 48 4 144
73 76 59 208
72 12 90 174
18 49 60 127
20 7 42 69
21 91 84 196
95 61 58 214
32 87 69 188
6 94 19 119
78 3 29 110
7 55 64 126
8 86 47 141
7 70 97 174
73 91 19 183
18 26 96 140
10 87 5 102
55 27 58 140
77 60 63 200
58 96 58 212
62 23 8 93
49 73 13 135
69 85 10 164
35 38 99 172
9 51 62 122
14 51 26 91
73 33 28 134
76 17 34 127
53 63 43 159
88 73 87 248
29 9 77 115
31 74 51 156
92 10 56 158
98 66 64 228
66 30 54 150
11 82 64 157
22 50 28 100
17 2 23 42
4 82 30 116
43 81 88 212
65 72 28 165
43 16 84 143
76 88 1 165
15 51 52 118
18 28 82 128
76 72 68 216
67 46 40 153
78 50 51 179
83 20 7 110
76 79 88 243
42 84 1 127
42 88 70 200
81 55 60 196
19 77 70 166
20 99 95 214
10 11 20 41
57 51 72 180
65 2 65 132
53 2 58 113
22 20 17 59
90 38 28 156
78 60 6 144
52 18 90 160
39 64 89 192
72 82 96 250
18 97 7 122
13 78 47 138
9 53 18 80
95 70 32 197
35 80 63 178
78 18 56 152
56 27 83 166
84 37 40 161
15 27 72 114
68 36 83 187
96 78 94 268
41 57 82 180
55 69 87 211
46 43 60 149
30 30 86 146
98 5 64 167
87 94 73 254
35 71 67 173
90 46 24 160
92 33 11 136
82 70 13 165
38 87 15 140
24 10 79 113
38 43 38 119
92 66 2 160
10 41 24 75
60 44 90 194
84 9 35 128
4 58 48 110
67 10 65 142
34 23 81 138
14 95 57 166
5 1 80 86
51 18 23 92
56 53 20 129
53 44 33 130
59 11 55 125
49 14 33 96
24 51 59 134
85 39 22 146
77 34 47 158
6 88 42 136
4 22 90 116
32 58 65 155
57 94 18 169
47 67 91 205
91 89 44 224
3 17 6 26
38 12 99 149
21 80 29 130
46 64 6 116
64 59 58 181
83 76 47 206
4 10 67 81
27 54 11 92
67 3 77 147
33 49 28 110
93 77 54 224
84 45 8 137
65 93 64 222
83 54 73 210
49 68 2 119
73 43 39 155
20 25 87 132
38 69 85 192
48 77 8 133
92 25 14 131
84 81 10 175
60 52 73 185
39 62 84 185
28 84 63 175
28 75 34 137
10 33 69 112
15 71 15 101
21 23 96 140
91 22 31 144
75 92 32 199
3 52 67 122
61 29 70 160
7 3 31 41
49 46 5 100
47 39 27 113
75 12 82 169
40 95 61 196
92 35 11 138
91 79 2 172
82 83 77 242
48 86 56 190
74 4 29 107
67 29 60 156
43 58 10 111
42 55 51 148
45 94 20 159
40 85 41 166
78 20 74 172
14 62 27 103
50 2 4 56
8 80 70 158
66 79 19 164
66 53 40 159
84 22 83 189
69 98 83 250
36 25 13 74
82 16 12 110
46 58 21 125
26 99 55 180
96 74 63 233
41 73 37 151
64 48 29 141
42 71 31 144
2 71 71 144
34 96 50 180
45 21 80 146
72 60 50 182
34 50 14 98
53 61 38 152
87 62 41 190
26 58 73 157
12 61 76 149
88 75 93 256
7 8 22 37
99 71 77 247
74 13 18 105
31 8 42 81
94 47 59 200
45 46 8 99
6 92 65 163
47 21 39 107
20 70 7 97
17 4 1 22
1 94 51 146
39 98 6 143
45 64 84 193
46 14 53 113
21 29 21 71
42 75 98 215
37 61 22 120
76 22 31 129
48 79 1 128
18 7 1 26
49 10 14 73
23 35 62 120
49 24 58 131
91 5 7 103
77 85 24 186
18 95 93 206
39 98 82 219
5 54 30 89
94 77 43 214
79 47 45 171
67 66 93 226
50 12 9 71
11 93 8 112
88 5 26 119
56 69 87 212
45 42 44 131
63 39 93 195
76 17 80 173
42 54 57 153
5 52 78 135
69 14 40 123
58 31 62 151
99 89 10 198
70 99 69 238
4 41 57 102
17 66 36 119
55 97 29 181
22 74 82 178
92 26 5 123
80 89 92 261
36 69 10 115
51 54 53 158
19 21 21 61
7 86 66 159
65 3 43 111
15 73 92 180
27 78 52 157
12 57 58 127
98 71 12 181
10 45 78 133
54 36 60 150
32 90 55 177
14 94 26 134
68 82 35 185
71 60 44 175
37 49 57 143
37 4 11 52
45 71 25 141
63 4 13 80
47 68 91 206
55 76 30 161
50 63 50 163
54 53 65 172
26 62 19 107
75 64 18 157
20 21 48 89
57 63 69 189
47 88 55 190
75 87 26 188
34 69 20 123
74 30 36 140
52 5 65 122
25 65 56 146
33 73 16 122
51 71 63 185
87 52 28 167
76 43 54 173
27 71 93 191
82 61 78 221
41 99 66 206
60 47 33 140
73 84 92 249
89 39 65 193
75 48 50 173
88 56 95 239
1 76 64 141
49 63 45 157
20 95 19 134
49 28 91 168
80 41 90 211
38 34 82 154
57 86 29 172
28 5 59 92
11 99 56 166
13 53 13 79
22 77 62 161
82 89 35 206
77 99 69 245
76 12 72 160
65 22 64 151
74 4 27 105
86 20 79 185
36 3 55 94
30 37 23 90
82 42 87 211
42 51 41 134
30 83 87 200
95 4 50 149
20 5 96 121
92 82 42 216
51 82 30 163
61 54 27 142
72 99 10 181
23 11 53 87
31 84 62 177
15 83 83 181
87 3 2 92
95 36 27 158
6 43 29 78
61 56 78 195
66 18 5 89
89 46 52 187
67 46 95 208
90 60 84 234
82 55 49 186
95 74 11 180
72 38 92 202
90 36 26 152
21 90 56 167
75 71 14 160
20 42 28 90
38 30 66 134
97 43 74 214
88 51 88 227
87 77 43 207
89 45 56 190
54 86 67 207
18 53 5 76
81 61 33 175
38 10 99 147
57 22 95 174
24 7 23 54
50 36 63 149
46 61 87 194
20 16 8 44
39 78 77 194
92 24 15 131
81 45 34 160
59 35 56 150
24 94 27 145
79 62 38 179
51 53 81 185
78 69 7 154
63 83 42 188
51 56 69 176
67 39 4 110
64 22 69 155
21 23 8 52
65 20 79 164
57 88 66 211
6 2 99 107
82 57 6 145
44 89 35 168
79 15 80 174
94 42 50 186
90 15 3 108
68 79 65 212
16 15 26 57
52 64 84 200
2 81 57 140
56 57 50 163
17 95 65 177
53 16 47 116
87 76 67 230
11 65 56 132
38 3 61 102
58 16 64 138
47 68 2 117
19 13 76 108
71 47 56 174
11 99 62 172
63 34 56 153
47 96 70 213
74 84 24 182
68 10 54 132
3 89 51 143
60 19 20 99
15 64 54 133
54 84 27 165
64 42 76 182
78 6 37 121
20 79 58 157
54 93 39 186
66 70 79 215
27 74 26 127
80 34 33 147
75 91 6 172
20 51 51 122
51 85 24 160
71 9 38 118
46 76 73 195
11 96 20 127
91 52 70 213
82 42 1 125
81 11 94 186
29 92 77 198
23 78 75 176
60 17 76 153
39 33 74 146
84 75 9 168
84 27 52 163
80 61 82 223
7 44 77 128
97 24 44 165
33 14 26 73
6 69 7 82
4 15 57 76
48 41 41 130
25 74 12 111
66 75 8 149
50 53 36 139
1 77 2 80
50 6 79 135
47 78 12 137
58 36 61 155
59 45 62 166
54 15 48 117
44 7 26 77
84 10 8 102
91 35 78 204
27 70 48 145
76 40 21 137
83 27 18 128
3 59 82 144
64 64 20 148
45 58 72 175
40 15 27 82
90 33 11 134
51 62 82 195
54 38 14 106
49 69 72 190
29 47 6 82
25 4 6 35
9 50 60 119
72 73 39 184
84 55 72 211
50 96 25 171
96 37 58 191
85 97 86 268
68 42 6 116
70 39 79 188
64 17 76 157
19 24 67 110
15 36 22 73
58 57 65 180
9 86 77 172
81 88 8 177
88 4 68 160
53 65 8 126
91 63 49 203
83 17 52 152
31 20 68 119
46 84 46 176
71 54 89 214
86 29 48 163
18 55 30 103
96 31 5 132
93 73 58 224
57 42 93 192
70 72 70 212
38 30 2 70
2 68 94 164
10 72 14 96
6 66 54 126
48 64 1 113
55 55 2 112
91 4 25 120
27 34 3 64
48 40 22 110
27 45 79 151
84 97 2 183
19 31 17 67
39 29 78 146
20 80 8 108
20 19 93 132
88 98 23 209
63 20 10 93
13 20 11 44
86 21 39 146
91 59 82 232
43 91 85 219
17 14 91 122
53 69 30 152
27 91 33 151
67 5 38 110
31 81 78 190
57 49 15 121
50 74 23 147
39 18 59 116
86 12 27 125
80 31 96 207
94 62 66 222
84 43 45 172
84 75 15 174
73 96 11 180
92 66 30 188
67 31 84 182
44 48 27 119
50 81 27 158
19 90 82 191
11 67 10 88
91 19 68 178
38 97 34 169
9 93 17 119
92 33 81 206
93 57 56 206
40 95 29 164
93 90 55 238
98 19 64 181
52 36 20 108
6 91 24 121
51 24 5 80
52 21 35 108
45 39 10 94
69 38 26 133
34 80 95 209
33 34 9 76
23 28 19 70
87 28 86 201
63 33 81 177
22 20 12 54
4 9 57 70
73 93 16 182
32 58 22 112
89 41 92 222
37 79 52 168
47 61 16 124
70 61 88 219
65 55 33 153
48 51 68 167
56 54 33 143
6 97 3 106
65 49 1 115
87 43 54 184
53 87 28 168
47 90 68 205
69 1 80 150
61 66 92 219
79 38 75 192
61 39 57 157
99 87 49 235
23 99 56 178
75 92 74 241
3 12 86 101
89 21 18 128
61 55 81 197
60 51 22 133
98 8 59 165
57 13 94 164
93 56 47 196
26 51 62 139
31 16 65 112
85 21 91 197
33 46 71 150
46 92 95 233
95 64 6 165
20 13 57 90
88 41 97 226
51 39 93 183
30 31 76 137
85 46 18 149
68 21 41 130
48 63 54 165
45 9 12 66
98 56 97 251
34 4 78 116
28 66 50 144
70 88 39 197
32 51 61 144
83 32 17 132
85 95 44 224
68 42 99 209
93 53 14 160
40 80 90 210
44 20 24 88
25 15 53 93
80 22 19 121
51 9 54 114
8 92 41 141
9 22 6 37
97 5 94 196
73 59 44 176
34 92 8 134
52 19 31 102
19 79 82 180
27 15 74 116
2 93 2 97
3 12 56 71
63 83 53 199
38 45 46 129
33 68 4 105
73 28 48 149
16 12 27 55
78 2 43 123
20 56 68 144
25 99 46 170
22 36 62 120
20 83 78 181
39 58 90 187
45 29 2 76
68 73 8 149
13 16 65 94
24 77 34 135
77 76 14 167
8 98 91 197
97 48 29 174
70 74 4 148
50 31 52 133
54 77 49 180
44 94 72 210
46 65 60 171
34 11 24 69
8 90 48 146
23 48 15 86
14 79 82 175
55 44 54 153
23 47 32 102
88 51 56 195
90 36 4 130
94 92 54 240
68 24 10 102
20 27 94 141
29 92 90 211
2 56 6 64
20 74 14 108
66 18 48 132
40 9 61 110
80 93 94 267
57 22 81 160
4 95 1 100
87 49 82 218
30 61 96 187
80 63 71 214
81 75 59 215
15 71 63 149
34 71 6 111
97 88 81 266
60 94 38 192
42 35 39 116
55 78 90 223
88 75 34 197
10 10 2 22
88 20 22 130
52 51 78 181
43 95 76 214
57 77 70 204
19 64 72 155
12 16 64 92
99 88 48 235
50 77 68 195
75 27 67 169
27 43 11 81
15 37 61 113
94 66 75 235
40 58 16 114
87 85 13 185
86 4 7 97
36 52 3 91
74 92 94 260
60 38 45 143
92 37 3 132
86 57 81 224
66 78 64 208
36 36 61 133
98 4 24 126
16 27 87 130
3 93 22 118
71 19 21 111
4 13 25 42
21 54 23 98
8 48 5 61
34 8 51 93
88 75 85 248
47 17 34 98
51 31 25 107
15 32 35 82
27 51 64 142
53 7 82 142
78 70 15 163
1 48 35 84
83 17 8 108
68 5 27 100
20 23 24 67
49 45 89 183
20 89 90 199
30 9 23 62
44 81 74 199
64 71 32 167
53 40 64 157
81 2 55 138
44 84 19 147
82 72 60 214
90 10 64 164
19 48 19 86
86 46 38 170
21 43 64 128
37 40 76 153
69 79 11 159
62 12 19 93
82 82 58 222
59 47 9 115
30 88 70 188
18 6 59 83
21 23 80 124
42 48 91 181
87 95 99 281
59 24 21 104
82 16 86 184
71 76 9 156
31 26 15 72
5 28 31 64
84 76 65 225
79 55 37 171
97 85 71 253
96 22 94 212
1 36 58 95
63 49 59 171
31 32 45 108
56 19 92 167
3 31 86 120
8 48 98 154
52 59 39 150
55 72 21 148
59 65 66 190
87 12 92 191
19 66 28 113
94 91 10 195
27 71 19 117
33 77 36 146
32 81 54 167
3 5 88 96
56 4 47 107
11 47 93 151
79 18 48 145
23 87 57 167
26 85 29 140
13 87 21 121
96 59 46 201
9 17 80 106
2 13 26 41
37 32 10 79
46 84 3 133
33 82 7 122
88 69 44 201
25 28 94 147
8 32 28 68
26 95 49 170
68 23 16 107
26 15 31 72
82 85 41 208
59 73 93 225
33 71 81 185
51 52 78 181
86 16 6 108
75 75 62 212
9 65 28 102
85 91 61 237
62 31 63 156
69 46 3 118
99 14 71 184
95 2 12 109
9 19 87 115
19 36 84 139
57 19 64 140
52 55 95 202
20 75 45 140
6 57 98 161
60 96 30 186
8 90 9 107
27 7 74 108
27 54 96 177
41 39 94 174
3 50 73 126
50 9 77 136
8 18 45 71
18 15 24 57
91 54 80 225
94 13 22 129
25 81 27 133
34 87 46 167
94 9 84 187
69 60 65 194
52 62 56 170
84 40 92 216
82 87 53 222
69 70 35 174
22 8 38 68
62 28 69 159
33 38 34 105
8 32 95 135
66 92 62 220
45 43 33 121
8 2 55 65
1 67 27 95
80 20 53 153
47 30 50 127
47 80 39 166
1 88 71 160
17 71 29 117
39 79 51 169
54 3 19 76
59 21 30 110
23 98 9 130
76 91 93 260
19 16 80 115
40 64 34 138
31 2 10 43
64 53 43 160
47 40 19 106
10 72 24 106
64 4 35 103
51 55 53 159
21 24 1 46
21 77 48 146
87 20 2 109
11 92 29 132
28 72 18 118
56 44 17 117
83 91 82 256
47 52 95 194
39 69 86 194
36 2 91 129
28 30 16 74
62 98 98 258
1 14 64 79
78 11 50 139
20 19 93 132
51 50 99 200
19 4 14 37
12 10 85 107
38 59 48 145
86 24 12 122
89 74 99 262
88 44 36 168
11 24 52 87
69 51 25 145
15 62 30 107
90 7 96 193
92 52 69 213
92 19 29 140
3 74 58 135
63 49 98 210
69 58 7 134
14 90 51 155
56 63 54 173
47 29 1 77
88 23 75 186
12 74 53 139
28 17 42 87
76 18 81 175
65 92 16 173
14 65 86 165
92 82 40 214
78 42 97 217
53 20 53 126
86 14 81 181
28 82 44 154
47 79 61 187
77 61 2 140
8 1 93 102
77 8 56 141
26 81 33 140
7 1 51 59
97 17 60 174
1 75 44 120
48 81 91 220
13 60 16 89
89 6 37 132
83 61 55 199
46 55 36 137
98 74 56 228
4 28 28 60
76 82 83 241
29 58 73 160
73 28 69 170
22 97 7 126
24 92 28 144
10 67 3 80
87 64 86 237
42 69 89 200
20 51 71 142
18 34 76 128
5 67 69 141
29 55 47 131
54 93 37 184
23 68 27 118
62 72 65 199
52 1 42 95
60 5 56 121
79 81 50 210
31 13 73 117
23 55 34 112
49 81 81 211
25 61 44 130
17 94 60 171
18 89 2 109
58 31 90 179
32 40 61 133
69 45 92 206
80 58 99 237
89 13 93 195
62 91 15 168
83 66 40 189
70 54 76 200
6 52 50 108
38 14 61 113
49 6 56 111
63 57 60 180
14 67 82 163
51 21 48 120
9 96 82 187
31 22 70 123
91 5 6 102
9 59 9 77
71 93 76 240
61 15 19 95
80 22 95 197
94 50 71 215
7 82 27 116
69 5 10 84
2 88 3 93
8 8 78 94
23 65 10 98
20 57 29 106
97 30 30 157
26 91 26 143
42 2 30 74
88 50 52 190
3 91 84 178
15 16 40 71
46 57 24 127
70 59 17 146
26 14 60 100
46 42 49 137
3 95 28 126
71 56 93 220
82 30 44 156
85 88 99 272
52 16 27 95
77 12 37 126
15 66 38 119
55 56 30 141
35 51 55 141
83 93 21 197
10 92 94 196
41 44 8 93
23 97 49 169
76 68 5 149
65 50 54 169
76 3 18 97
73 99 39 211
16 16 58 90
22 35 56 113
66 71 18 155
15 91 6 112
2 47 40 89
15 35 10 60
59 1 4 64
73 4 14 91
69 86 52 207
38 46 54 138
39 77 96 212
32 5 59 96
57 52 79 188
99 92 82 273
24 24 35 83
69 80 24 173
8 26 66 100
51 63 50 164
30 91 71 192
39 53 6 98
93 38 29 160
62 59 59 180
10 70 11 91
78 41 54 173
21 90 69 180
88 99 32 219
73 74 56 203
28 6 22 56
55 94 77 226
10 49 90 149
12 51 53 116
63 86 60 209
54 66 98 218
60 17 14 91
2 55 30 87
26 84 94 204
88 73 23 184
73 43 30 146
91 7 52 150
61 95 82 238
84 95 80 259
4 19 74 97
59 83 24 166
47 26 79 152
52 62 51 165
67 22 86 175
43 9 72 124
43 79 44 166
37 49 85 171
39 82 13 134
60 77 64 201
26 98 3 127
45 56 50 151
13 42 17 72
8 56 75 139
48 28 62 138
96 3 76 175
42 9 8 59
90 63 96 249
7 91 35 133
43 76 73 192
46 48 40 134
19 61 6 86
22 5 65 92
67 80 55 202
53 65 32 150
14 90 28 132
29 57 41 127
5 90 4 99
39 9 65 113
37 77 82 196
81 40 4 125
64 53 35 152
63 56 18 137
44 68 87 199
36 5 7 48
60 88 30 178
68 97 25 190
52 94 58 204
36 91 64 191
27 28 91 146
59 39 97 195
47 33 26 106
99 26 97 222
69 8 6 83
7 70 31 108
84 23 18 125
79 10 35 124
60 85 64 209
42 30 62 134
31 95 13 139
96 68 11 175
95 62 86 243
56 93 31 180
65 60 74 199
72 17 40 129
31 90 8 129
40 62 48 150
63 70 76 209
4 3 10 17
17 69 82 168
72 5 20 97
11 55 7 73
97 59 74 230
51 71 18 140
56 22 26 104
3 75 6 84
56 66 72 194
96 79 72 247
59 30 46 135
2 94 56 152
23 38 32 93
79 49 42 170
65 77 68 210
87 21 48 156
33 8 34 75
33 16 46 95
48 25 89 162
31 12 76 119
17 87 74 178
36 38 87 161
53 83 7 143
10 13 5 28
49 99 92 240
33 90 71 194
48 2 71 121
47 71 57 175
26 48 82 156
64 38 5 107
21 37 73 131
71 34 89 194
48 37 95 180
20 17 40 77
81 19 44 144
97 10 28 135
52 86 76 214
79 62 48 189
65 31 13 109
36 9 13 58
75 68 52 195
73 57 20 150
60 84 44 188
95 59 79 233
1 32 6 39
17 6 53 76
53 90 94 237
60 84 67 211
80 84 46 210
58 78 30 166
90 21 91 202
46 3 63 112
70 10 32 112
60 77 73 210
31 73 44 148
20 48 61 129
39 18 13 70
2 66 39 107
5 42 30 77
31 83 92 206
68 65 89 222
37 76 82 195
47 14 64 125
6 84 64 154
24 34 83 141
94 92 79 265
74 66 16 156
41 81 98 220
88 96 32 216
57 15 45 117
13 86 17 116
83 48 85 216
5 71 8 84
4 16 46 66
64 62 6 132
64 44 45 153
8 37 6 51
92 69 1 162
15 10 62 87
48 82 20 150
44 70 99 213
49 65 95 209
81 71 82 234
74 21 9 104
38 98 54 190
85 10 10 105
67 83 75 225
61 37 34 132
73 40 91 204
23 84 39 146
42 7 60 109
91 51 40 182
39 29 95 163
15 23 74 112
36 14 74 124
38 91 66 195
28 97 23 148
78 78 81 237
1 63 28 92
63 82 60 205
37 85 33 155
76 86 1 163
88 86 8 182
13 41 88 142
99 48 20 167
39 71 43 153
80 51 92 223
45 80 62 187
27 12 47 86
99 34 97 230
22 77 5 104
90 39 4 133
19 36 17 72
57 54 15 126
22 70 92 184
52 73 10 135
99 7 74 180
96 88 1 185
34 63 17 114
28 66 79 173
5 1 39 45
54 61 55 170
79 20 91 190
4 96 68 168
61 59 65 185
73 36 85 194
92 15 66 173
68 56 28 152
59 62 47 168
94 38 15 147
41 35 52 128
50 35 84 169
88 41 91 220
28 97 6 131
57 74 56 187
42 26 83 151
50 36 70 156
96 71 21 188
12 39 46 97
43 64 7 114
15 50 12 77
51 43 93 187
80 94 55 229
73 66 68 207
77 61 72 210
34 32 57 123
83 70 21 174
17 63 57 137
90 63 56 209
73 32 17 122
40 73 2 115
59 4 6 69
17 3 59 79
8 88 84 180
12 79 92 183
89 91 56 236
21 15 44 80
26 52 7 85
10 82 49 141
46 82 35 163
23 58 39 120
38 13 95 146
78 10 17 105
34 79 89 202
73 69 70 212
64 64 20 148
12 61 6 79
61 68 36 165
61 59 78 198
84 95 79 258
41 24 44 109
18 54 88 160
4 55 7 66
87 34 23 144
9 60 32 101
27 8 59 94
12 10 54 76
66 84 37 187
14 19 32 65
90 18 93 201
50 50 12 112
72 53 83 208
33 88 83 204
4 83 24 111
81 85 51 217
95 25 64 184
18 18 37 73
33 26 53 112
53 13 8 74
91 45 23 159
84 66 29 179
59 13 88 160
74 33 34 141
86 71 18 175
69 17 50 136
61 3 91 155
39 52 49 140
37 96 90 223
27 82 95 204
86 48 51 185
1 66 91 158
20 20 7 47
97 47 79 223
24 52 34 110
99 48 97 244
53 28 53 134
70 67 49 186
44 18 76 138
60 76 59 195
64 11 70 145
6 1 3 10
87 91 5 183
84 12 73 169
30 81 87 198
69 60 45 174
72 19 55 146
96 57 52 205
99 48 74 221
72 92 30 194
37 69 71 177
22 36 95 153
83 45 53 181
85 43 61 189
39 25 77 141
71 34 75 180
85 50 79 214
34 89 61 184
31 76 68 175
39 25 38 102
14 23 37 74
39 55 67 161
99 56 15 170
22 86 99 207
28 55 67 150
63 27 13 103
74 44 84 202
51 89 95 235
74 93 21 188
91 90 73 254
60 86 61 207
51 29 91 171
87 94 75 256
2 42 58 102
3 58 54 115
89 49 39 177
17 95 51 163
58 29 38 125
63 72 90 225
7 9 14 30
85 35 29 149
54 11 87 152
13 26 88 127
59 47 1 107
88 44 7 139
76 48 85 209
85 13 6 104
14 64 53 131
90 8 76 174
40 25 30 95
81 79 38 198
32 69 80 181
85 72 9 166
46 77 43 166
80 64 30 174
40 55 47 142
33 9 28 70
96 51 74 221
57 36 88 181
87 54 39 180
31 23 15 69
96 45 22 163
36 98 55 189
17 92 11 120
66 37 8 111
62 54 61 177
33 65 88 186
19 13 62 94
3 75 58 136
5 46 56 107
69 62 87 218
80 38 44 162
33 62 24 119
10 12 51 73
50 9 82 141
47 29 80 156
15 88 78 181
21 2 6 29
83 84 71 238
81 93 14 188
87 46 3 136
45 22 80 147
37 76 43 156
52 56 7 115
28 7 58 93
8 55 4 67
1 15 86 102
7 45 58 110
52 63 20 135
67 45 87 199
45 11 83 139
16 9 30 55
12 85 43 140
96 23 55 174
45 5 65 115
16 70 38 124
88 25 73 186
63 24 7 94
8 27 29 64
99 57 54 210
73 54 70 197
73 65 50 188
17 79 40 136
94 14 1 109
85 30 34 149
56 42 73 171
85 42 7 134
43 61 81 185
88 61 43 192
65 7 62 134
76 52 9 137
2 3 72 77
10 44 35 89
55 34 64 153
51 22 2 75
92 51 55 198
55 14 23 92
15 26 83 124
24 42 95 161
47 30 45 122
79 7 33 119
85 96 57 238
60 69 92 221
28 86 89 203
12 42 2 56
12 93 28 133
4 62 49 115
49 24 43 116
4 27 33 64
14 83 31 128
48 94 62 204
7 47 73 127
3 63 17 83
14 71 48 133
91 82 66 239
53 25 70 148
84 72 36 192
56 14 55 125
30 74 11 115
71 2 41 114
81 72 24 177
39 12 73 124
59 26 30 115
28 86 41 155
80 41 49 170
66 1 72 139
31 99 62 192
55 38 18 111
95 34 12 141
79 36 56 171
54 19 16 89
44 59 47 150
90 66 49 205
91 58 66 215
88 58 65 211
18 21 18 57
44 93 4 141
63 19 18 100
43 2 59 104
77 68 12 157
31 76 81 188
58 7 17 82
62 28 81 171
44 77 5 126
31 24 49 104
92 66 46 204
6 85 45 136
95 84 95 274
75 64 14 153
29 9 77 115
41 12 44 97
98 1 75 174
9 66 10 85
59 48 44 151
20 76 4 100
50 64 70 184
12 5 92 109
4 57 80 141
95 2 75 172
54 72 88 214
94 91 37 222
35 69 84 188
72 53 78 203
10 13 16 39
65 56 16 137
42 77 4 123
66 92 5 163
66 71 75 212
10 56 36 102
85 58 94 237
57 10 48 115
92 79 13 184
86 99 16 201
10 41 15 66
17 35 62 114
48 57 94 199
86 43 88 217
75 28 77 180
66 90 83 239
80 5 19 104
19 45 57 121
83 34 87 204
50 71 97 218
84 23 26 133
98 35 49 182
37 6 43 86
85 17 46 148
4 35 22 61
63 58 42 163
96 50 19 165
39 58 39 136
10 87 13 110
87 46 56 189
18 68 56 142
66 51 96 213
80 93 27 200
66 81 70 217
37 69 94 200
42 40 70 152
45 9 26 80
99 31 54 184
68 59 8 135
18 67 14 99
73 62 49 184
42 8 18 68
7 32 24 63
43 42 96 181
30 28 11 69
33 12 79 124
54 66 13 133
43 37 11 91
66 8 72 146
30 22 3 55
60 89 95 244
64 3 22 89
53 12 50 115
63 81 88 232
42 16 22 80
22 64 87 173
8 83 67 158
52 83 37 172
25 58 25 108
52 33 5 90
74 74 6 154
46 76 15 137
65 10 48 123
57 67 38 162
7 75 50 132
13 14 99 126
5 66 55 126
10 75 58 143
13 88 39 140
11 41 76 128
13 84 28 125
16 69 89 174
71 74 74 219
78 91 56 225
93 22 57 172
35 11 40 86
70 49 19 138
10 71 34 115
22 95 63 180
14 3 23 40
34 21 17 72
71 13 53 137
59 17 28 104
56 25 86 167
81 87 75 243
12 80 38 130
78 53 95 226
87 59 43 189
3 13 72 88
25 24 3 52
83 71 18 172
43 27 34 104
84 70 98 252
75 94 10 179
37 43 6 86
52 41 71 164
78 91 87 256
25 14 55 94
94 31 37 162
47 77 97 221
45 42 74 161
36 2 1 39
10 63 58 131
22 59 34 115
65 96 38 199
90 10 94 194
50 4 52 106
6 98 40 144
70 70 32 172
75 10 3 88
12 74 95 181
90 49 15 154
3 96 5 104
75 82 76 233
34 15 83 132
53 50 43 146
33 80 9 122
42 89 76 207
20 1 23 44
90 49 88 227
3 58 69 130
60 16 99 175
30 80 94 204
26 13 41 80
85 50 52 187
38 81 48 167
50 42 83 175
16 69 98 183
64 98 17 179
78 13 76 167
39 47 3 89
68 8 35 111
92 76 38 206
3 1 96 100
61 18 29 108
68 42 73 183
90 29 12 131
93 19 18 130
30 49 15 94
74 76 29 179
58 83 53 194
32 53 37 122
15 32 58 105
24 34 15 73
56 1 9 66
21 75 33 129
88 62 11 161
64 67 36 167
64 7 16 87
58 7 68 133
66 78 62 206
42 24 4 70
64 18 65 147
41 66 94 201
14 35 93 142
86 16 61 163
92 84 69 245
69 59 10 138
80 48 36 164
83 16 83 182
45 33 40 118
53 12 60 125
85 52 42 179
71 32 71 174
87 92 91 270
82 42 50 174
10 93 40 143
98 45 79 222
74 59 36 169
41 36 97 174
91 85 18 194
82 49 72 203
71 91 17 179
68 77 29 174
52 82 20 154
1 86 11 98
68 80 15 163
44 93 49 186
51 1 69 121
34 79 95 208
23 14 90 127
64 22 3 89
86 13 60 159
48 27 32 107
60 24 5 89
97 83 18 198
87 32 8 127
80 3 72 155
84 5 2 91
66 43 72 181
44 9 31 84
94 79 26 199
56 55 28 139
85 19 35 139
85 36 19 140
33 95 36 164
89 29 54 172
72 21 47 140
56 75 45 176
70 59 27 156
35 79 13 127
1 13 25 39
7 66 26 99
49 84 58 191
7 21 41 69
74 27 81 182
92 70 17 179
81 2 75 158
2 89 6 97
2 73 12 87
37 6 79 122
30 74 57 161
10 42 70 122
93 19 91 203
29 90 9 128
98 61 88 247
42 53 48 143
51 88 67 206
85 26 23 134
65 5 18 88
96 58 78 232
51 50 28 129
1 18 39 58
84 94 14 192
19 51 10 80
68 56 1 125
44 78 83 205
67 8 80 155
54 83 24 161
38 88 90 216
17 28 99 144
5 12 24 41
59 96 23 178
87 49 4 140
22 78 36 136
53 85 45 183
89 47 27 163
77 52 90 219
78 25 10 113
71 66 82 219
33 96 85 214
64 7 48 119
33 11 55 99
5 29 62 96
21 54 72 147
40 64 78 182
62 99 16 177
40 74 39 153
76 41 39 156
77 98 91 266
91 41 44 176
17 53 50 120
74 42 6 122
34 88 38 160
16 47 57 120
57 91 58 206
2 65 34 101
56 19 43 118
94 86 83 263
18 9 90 117
56 35 1 92
30 31 10 71
45 17 37 99
72 31 87 190
29 7 62 98
95 14 19 128
16 54 78 148
14 90 47 151
10 92 71 173
51 76 8 135
98 66 46 210
2 58 48 108
17 83 76 176
78 16 98 192
86 16 35 137
65 74 96 235
75 13 1 89
20 96 59 175
12 53 13 78
34 86 63 183
31 73 63 167
17 35 90 142
51 68 5 124
15 93 59 167
3 85 26 114
2 78 88 168
20 63 91 174
70 15 31 116
67 43 35 145
30 89 95 214
98 65 3 166
98 9 60 167
52 1 94 147
91 60 8 159
2 3 15 20
69 94 84 247
85 90 64 239
17 4 85 106
90 77 94 261
51 94 7 152
28 86 81 195
89 87 43 219
15 21 19 55
14 60 69 143
5 39 11 55
40 67 77 184
52 73 74 199
24 10 26 60
70 69 70 209
99 11 11 121
95 25 68 188
40 13 1 54
13 35 77 125
28 89 76 193
73 64 68 205
29 20 91 140
3 18 4 25
94 1 62 157
2 71 53 126
59 98 7 164
31 57 48 136
9 12 78 99
29 55 71 155
19 34 68 121
78 97 35 210
46 59 63 168
39 49 24 112
66 31 59 156
9 18 95 122
97 3 99 199
66 19 69 154
36 67 5 108
75 32 96 203
84 4 35 123
99 35 60 194
90 19 88 197
14 81 24 119
2 86 84 172
59 65 17 141
54 31 68 153
63 36 90 189
62 9 46 117
55 33 3 91
22 3 22 47
54 22 56 132
20 48 62 130
91 30 45 166
97 65 89 251
77 80 10 167
20 93 11 124
90 61 47 198
16 43 81 140
52 73 77 202
47 91 92 230
96 62 64 222
58 42 23 123
25 14 60 99
86 60 66 212
94 35 74 203
27 73 80 180
9 21 87 117
97 24 90 211
70 29 36 135
20 35 32 87
72 40 69 181
37 54 29 120
5 56 53 114
55 62 94 211
35 38 14 87
24 19 2 45
99 74 25 198
38 28 98 164
22 1 91 114
3 50 90 143
63 3 7 73
24 74 66 164
43 24 4 71
1 69 3 73
2 74 8 84
26 34 8 68
93 99 21 213
49 24 59 132
82 22 75 179
67 22 97 186
76 95 99 270
3 77 52 132
22 60 84 166
19 94 81 194
59 27 77 163
21 23 88 132
87 59 40 186
75 70 73 218
71 17 28 116
53 85 82 220
52 25 12 89
75 69 8 152
63 59 58 180
15 38 55 108
83 4 30 117
42 12 5 59
67 49 44 160
76 20 26 122
57 30 50 137
51 78 79 208
20 41 80 141
27 1 59 87
35 50 89 174
49 83 32 164
95 38 49 182
32 38 77 147
29 13 40 82
61 27 19 107
79 58 89 226
8 5 73 86
81 80 19 180
40 90 7 137
74 81 34 189
80 77 86 243
15 21 34 70
87 13 6 106
5 58 41 104
62 94 53 209
81 92 84 257
27 16 44 87
40 20 62 122
72 14 40 126
86 82 95 263
68 34 85 187
5 30 44 79
13 41 52 106
36 6 72 114
6 40 16 62
42 72 41 155
65 2 86 153
9 95 81 185
48 79 98 225
36 66 92 194
97 53 53 203
42 19 61 122
16 62 92 170
99 96 16 211
97 55 87 239
40 99 4 143
3 72 6 81
44 74 92 210
51 53 33 137
86 47 84 217
93 6 33 132
11 26 85 122
22 18 71 111
78 47 94 219
49 8 53 110
36 1 57 94
71 51 94 216
82 44 58 184
51 68 65 184
10 6 93 109
71 50 17 138
59 91 43 193
85 22 91 198
76 66 59 201
31 71 14 116
15 75 89 179
47 90 39 176
7 3 92 102
20 37 37 94
39 85 28 152
29 70 87 186
74 51 67 192
75 70 49 194
92 97 48 237
34 60 66 160
21 56 82 159
23 22 76 121
82 55 90 227
84 38 94 216
68 73 59 200
59 28 29 116
66 5 99 170
24 54 68 146
90 37 67 194
88 8 12 108
85 42 42 169
97 61 90 248
62 21 16 99
38 74 3 115
19 30 45 94
32 49 97 178
81 15 95 191
52 88 62 202
41 9 91 141
82 11 54 147
43 7 93 143
23 54 68 145
13 63 22 98
68 7 14 89
70 59 48 177
58 74 20 152
39 34 33 106
72 40 62 174
67 5 82 154
27 79 25 131
42 79 72 193
90 70 60 220
67 70 5 142
9 45 62 116
89 13 93 195
74 38 55 167
69 33 11 113
34 18 36 88
19 77 28 124
68 54 78 200
6 56 88 150
68 27 34 129
62 9 47 118
62 13 26 101
21 73 73 167
13 57 89 159
59 35 20 114
42 29 13 84
86 71 96 253
69 7 99 175
11 81 32 124
58 58 25 141
66 74 25 165
90 24 91 205
54 51 66 171
94 80 81 255
31 32 23 86
41 69 54 164
75 15 36 126
72 38 29 139
5 33 14 52
80 61 56 197
26 37 36 99
72 97 85 254
45 76 42 163
91 20 85 196
78 41 33 152
88 18 99 205
73 78 79 230
93 46 26 165
86 48 25 159
36 78 55 169
79 23 61 163
64 35 32 131
58 28 22 108
2 9 14 25
40 24 82 146
66 85 29 180
7 56 49 112
71 12 56 139
27 97 3 127
37 96 78 211
95 17 54 166
5 98 4 107
53 66 98 217
86 32 82 200
76 71 58 205
3 1 77 81
82 41 64 187
90 77 30 197
12 78 65 155
97 61 29 187
54 5 72 131
47 4 41 92
9 70 82 161
12 31 93 136
11 48 42 101
39 35 22 96
67 14 20 101
78 26 85 189
43 50 20 113
63 24 24 111
85 45 10 140
82 65 94 241
50 13 41 104
26 30 32 88
70 21 2 93
47 22 89 158
93 93 24 210
82 99 5 186
30 2 62 94
39 49 24 112
21 35 41 97
66 85 29 180
5 28 18 51
23 99 40 162
25 28 92 145
93 15 13 121
61 86 35 182
5 3 19 27
5 87 74 166
57 15 6 78
91 36 4 131
67 31 73 171
33 66 67 166
89 39 54 182
72 28 51 151
1 68 93 162
86 63 47 196
5 49 3 57
90 87 97 274
39 81 85 205
64 49 35 148
91 99 24 214
77 95 35 207
98 86 18 202
94 66 64 224
36 29 90 155
52 23 27 102
72 82 21 175
20 76 41 137
26 45 58 129
79 58 83 220
6 24 51 81
47 85 13 145
24 94 89 207
97 86 54 237
45 77 65 187
24 95 76 195
13 4 43 60
47 32 17 96
28 60 68 156
9 84 13 106
13 15 94 122
83 37 18 138
26 42 25 93
23 38 17 78
16 64 56 136
11 65 26 102
89 48 77 214
61 90 88 239
51 41 36 128
89 60 35 184
70 26 76 172
50 56 18 124
85 68 54 207
65 42 56 163
30 23 2 55
85 20 10 115
11 79 68 158
98 36 89 223
41 2 22 65
56 67 24 147
22 52 7 81
29 87 81 197
78 46 43 167
32 12 53 97
41 26 69 136
47 46 6 99
41 88 63 192
58 8 44 110
86 28 9 123
85 86 97 268
37 42 61 140
7 69 21 97
97 11 30 138
38 29 22 89
85 25 38 148
79 75 2 156
88 51 45 184
70 21 43 134
60 86 98 244
11 46 28 85
17 5 90 112
20 67 56 143
44 43 16 103
72 47 52 171
40 29 91 160
44 90 88 222
30 60 41 131
95 83 59 237
69 98 90 257
39 85 70 194
89 41 1 131
12 63 65 140
79 77 93 249
42 15 8 65
24 37 40 101
34 40 62 136
1 75 32 108
62 49 46 157
97 49 50 196
76 26 60 162
86 22 46 154
36 2 14 52
56 68 50 174
56 60 33 149
11 73 58 142
11 12 14 37
36 81 38 155
18 91 28 137
11 11 67 89
26 10 33 69
39 66 59 164
71 45 19 135
52 52 16 120
38 73 56 167
61 34 86 181
52 44 70 166
71 67 15 153
54 86 22 162
92 77 56 225
98 11 15 124
57 67 35 159
82 20 22 124
36 94 87 217
93 47 58 198
97 64 79 240
37 28 98 163
63 29 80 172
86 38 68 192
34 51 25 110
20 42 4 66
73 35 46 154
68 20 32 120
95 84 82 261
61 53 22 136
86 15 13 114
37 21 98 156
3 11 74 88
94 15 39 148
26 8 48 82
75 55 74 204
97 77 6 180
19 15 32 66
59 6 72 137
55 93 1 149
36 57 27 120
9 74 32 115
19 84 91 194
43 92 28 163
50 17 4 71
71 88 82 241
70 25 72 167
66 64 97 227
37 80 33 150
92 13 68 173
86 92 49 227
36 45 72 153
12 86 3 101
35 62 50 147
14 72 91 177
47 21 53 121
27 22 66 115
95 13 75 183
37 73 18 128
36 93 96 225
55 20 44 119
40 13 80 133
41 83 77 201
8 82 94 184
84 97 46 227
97 70 54 221
96 17 27 140
42 8 53 103
19 72 85 176
56 7 17 80
13 6 45 64
21 15 53 89
37 37 67 141
27 67 7 101
25 17 6 48
22 13 9 44
61 40 9 110
54 17 56 127
45 99 47 191
36 49 6 91
27 3 97 127
15 57 25 97
53 49 84 186
44 8 34 86
71 34 70 175
63 6 35 104
17 93 16 126
12 71 52 135
32 82 48 162
39 7 55 101
78 93 90 261
95 75 51 221
73 43 45 161
46 58 50 154
28 75 8 111
38 17 53 108
90 67 80 237
19 16 37 72
51 26 31 108
1 46 42 89
94 67 15 176
53 62 26 141
57 21 26 104
53 43 6 102
76 60 51 187
8 29 43 80
93 27 84 204
54 31 90 175
1 30 96 127
12 26 54 92
15 45 83 143
50 22 48 120
11 7 69 87
83 97 83 263
86 88 70 244
50 51 75 176
88 96 39 223
14 46 62 122
89 8 58 155
1 91 51 143
4 86 95 185
27 26 47 100
71 15 67 153
10 17 52 79
33 80 19 132
50 53 95 198
58 86 20 164
87 62 31 180
39 98 70 207
3 34 94 131
65 80 52 197
60 11 39 110
20 9 21 50
37 18 55 110
25 91 2 118
69 17 35 121
19 9 59 87
4 44 30 78
15 64 54 133
23 80 69 172
71 36 3 110
44 15 78 137
12 74 33 119
44 60 17 121
64 1 50 115
30 54 29 113
42 96 83 221
38 71 61 170
16 35 16 67
44 26 66 136
88 43 9 140
7 38 73 118
81 83 77 241
80 4 37 121
18 17 29 64
94 6 82 182
67 5 50 122
17 20 8 45
63 71 15 149
89 60 65 214
18 87 5 110
23 7 33 63
4 11 64 79
75 41 32 148
99 32 94 225
41 38 18 97
53 13 13 79
96 17 51 164
30 73 31 134
42 17 89 148
15 26 85 126
58 16 15 89
63 74 98 235
14 38 29 81
48 6 41 95
90 60 99 249
82 55 59 196
15 60 83 158
73 80 44 197
76 82 5 163
23 53 34 110
48 16 26 90
70 24 20 114
78 97 14 189
72 24 71 167
76 49 11 136
53 24 99 176
78 20 22 120
59 30 90 179
23 68 7 98
45 72 38 155
34 68 60 162
77 47 51 175
89 65 12 166
62 65 34 161
83 44 48 175
50 37 92 179
36 25 85 146
73 96 89 258
82 2 14 98
55 65 43 163
86 59 12 157
81 53 93 227
57 58 25 140
54 45 72 171
5 78 15 98
45 64 79 188
2 84 98 184
69 6 32 107
93 68 42 203
91 82 52 225
29 87 65 181
12 40 28 80
82 57 50 189
78 78 7 163
18 37 79 134
60 13 49 122
12 27 54 93
9 55 71 135
75 70 43 188
58 53 94 205
21 22 96 139
42 75 53 170
84 88 24 196
38 23 19 80
5 9 74 88
36 66 33 135
36 10 76 122
66 53 74 193
13 8 94 115
79 29 89 197
47 65 94 206
84 73 70 227
73 73 19 165
93 52 66 211
36 7 79 122
23 71 44 138
47 55 46 148
17 90 40 147
74 97 91 262
39 99 84 222
94 94 59 247
92 4 5 101
33 40 15 88
16 42 19 77
35 1 5 41
76 54 49 179
77 18 82 177
22 51 22 95
53 7 15 75
24 12 30 66
16 2 67 85
34 88 11 133
6 92 76 174
43 83 90 216
32 93 72 197
98 80 43 221
26 70 32 128
29 24 63 116
18 9 89 116
1 52 27 80
24 9 24 57
68 28 13 109
63 94 45 202
87 40 64 191
73 5 64 142
43 54 23 120
86 42 64 192
52 84 33 169
10 72 10 92
54 25 61 140
24 50 68 142
72 34 23 129
26 41 87 154
86 2 72 160
5 25 22 52
66 83 14 163
38 14 20 72
21 57 80 158
23 73 71 167
93 25 71 189
76 14 6 96
75 44 33 152
77 24 86 187
25 33 77 135
1 7 35 43
64 96 8 168
39 10 49 98
47 76 19 142
52 21 30 103
65 12 33 110
41 35 90 166
63 52 33 148
82 22 48 152
64 22 57 143
5 10 73 88
52 71 69 192
75 28 32 135
40 75 92 207
25 70 74 169
29 2 43 74
59 35 15 109
11 25 49 85
65 86 68 219
68 45 19 132
32 47 68 147
7 57 8 72
14 2 12 28
13 19 83 115
86 1 64 151
98 1 13 112
16 97 27 140
56 96 9 161
99 71 31 201
48 25 28 101
87 1 86 174
89 94 49 232
74 63 71 208
70 34 28 132
25 22 28 75
58 90 4 152
97 81 37 215
15 58 12 85
91 89 53 233
2 5 73 80
41 48 55 144
92 37 7 136
74 49 78 201
73 96 40 209
65 65 24 154
30 81 28 139
26 14 58 98
37 3 77 117
74 87 58 219
23 67 81 171
80 20 7 107
87 22 89 198
98 51 9 158
99 59 79 237
56 45 55 156
56 58 72 186
31 44 83 158
47 26 74 147
6 59 23 88
66 60 6 132
90 20 47 157
89 79 71 239
52 15 3 70
1 97 3 101
86 8 8 102
61 92 44 197
62 14 29 105
59 57 95 211
29 71 96 196
25 18 80 123
5 19 54 78
35 48 59 142
81 4 28 113
58 57 75 190
92 45 27 164
11 93 44 148
75 95 19 189
10 89 37 136
33 49 11 93
81 52 89 222
62 14 3 79
94 32 1 127
25 43 52 120
61 67 28 156
18 24 4 46
25 73 48 146
41 3 97 141
35 68 17 120
57 77 16 150
70 87 70 227
76 60 56 192
63 17 5 85
4 95 32 131
91 22 14 127
59 56 98 213
15 63 97 175
22 48 81 151
60 41 40 141
54 55 8 117
31 21 60 112
97 44 5 146
27 48 51 126
76 10 60 146
31 85 34 150
80 69 76 225
26 29 40 95
66 67 80 213
49 61 65 175
76 14 13 103
96 14 94 204
26 61 77 164
25 92 3 120
55 34 77 166
87 8 40 135
3 22 92 117
52 92 38 182
46 4 22 72
28 87 81 196
3 23 70 96
74 11 89 174
38 22 39 99
36 36 34 106
1 89 45 135
62 76 54 192
64 7 45 116
21 41 99 161
84 89 7 180
85 63 93 241
11 40 15 66
3 33 23 59
10 10 13 33
85 69 86 240
43 61 98 202
2 21 86 109
98 38 30 166
38 98 47 183
91 47 69 207
91 53 24 168
66 98 98 262
41 62 75 178
60 98 39 197
94 6 25 125
96 52 31 179
60 72 18 150
97 44 52 193
59 15 25 99
26 64 82 172
11 24 17 52
1 68 96 165
59 97 98 254
22 40 76 138
55 5 25 85
10 49 94 153
81 83 7 171
49 74 6 129
18 98 28 144
48 7 94 149
41 92 62 195
33 10 10 53
99 17 11 127
76 73 61 210
91 22 95 208
16 67 29 112
10 48 77 135
2 79 39 120
54 91 21 166
55 89 74 218
62 90 79 231
59 62 45 166
47 58 41 146
20 81 52 153
14 24 31 69
33 3 18 54
74 14 10 98
12 93 62 167
71 37 85 193
98 43 23 164
39 79 93 211
89 15 37 141
86 88 4 178
61 24 12 97
22 87 84 193
32 30 70 132
76 57 19 152
34 76 26 136
92 47 52 191
51 66 25 142
78 98 88 264
6 77 92 175
57 88 44 189
53 82 87 222
56 45 25 126
44 26 44 114
19 79 37 135
83 89 83 255
69 2 43 114
2 71 37 110
26 50 68 144
58 35 55 148
37 64 76 177
45 93 79 217
99 16 4 119
6 3 97 106
58 76 68 202
33 87 57 177
41 96 54 191
57 88 48 193
8 46 44 98
6 74 89 169
93 29 62 184
18 83 76 177
50 41 17 108
10 98 59 167
5 10 54 69
56 6 59 121
70 65 31 166
92 22 14 128
56 89 3 148
97 59 36 192
21 27 74 122
19 56 98 173
31 13 67 111
84 59 1 144
25 18 52 95
53 45 59 157
87 7 8 102
73 49 15 137
62 84 7 153
96 33 48 177
5 52 92 149
8 61 89 158
50 38 96 184
62 55 2 119
2 36 84 122
21 58 56 135
57 28 5 90
30 55 84 169
97 78 76 251
67 64 53 184
89 70 48 207
43 45 97 185
74 45 52 171
68 90 11 169
86 25 42 153
89 17 37 143
49 64 37 150
88 36 87 211
66 72 23 161
18 58 5 81
34 68 21 123
46 8 91 145
72 60 48 180
71 14 13 98
28 87 42 157
12 78 30 120
27 61 75 163
85 37 76 198
72 39 24 135
95 31 88 214
25 50 30 105
1 38 55 94
81 87 63 231
12 60 15 87
74 92 78 244
57 81 49 187
90 57 61 208
22 67 52 141
79 47 24 150
52 36 52 140
79 53 99 231
42 35 60 137
64 58 68 190
3 76 30 109
72 84 32 188
44 53 96 193
60 57 5 122
79 73 14 166
44 69 99 212
6 36 83 125
18 46 14 78
53 84 52 189
53 60 81 194
45 38 42 125
97 95 81 273
53 75 51 179
46 46 99 191
58 60 99 217
66 4 30 100
64 25 60 149
69 15 37 121
64 80 70 214
21 12 96 129
44 77 57 178
41 74 74 189
69 90 36 195
92 81 65 238
61 83 58 202
7 55 74 136
14 21 87 122
31 89 89 209
90 37 10 137
67 64 35 166
62 70 26 158
30 12 19 61
3 83 44 130
20 37 33 90
17 43 28 88
85 13 68 166
44 65 16 125
99 48 31 178
88 29 36 153
96 5 53 154
74 16 57 147
40 77 64 181
21 62 1 84
72 43 85 200
39 71 26 136
9 65 93 167
86 15 9 110
38 44 58 140
13 78 45 136
74 86 80 240
19 39 79 137
74 31 89 194
48 32 13 93
37 11 91 139
10 93 84 187
34 93 87 214
18 44 91 153
20 71 51 142
85 6 39 130
43 36 38 117
76 34 7 117
88 38 55 181
48 13 13 74
28 81 6 115
52 77 37 166
89 14 95 198
95 71 3 169
85 65 44 194
21 6 93 120
11 32 37 80
26 9 72 107
16 50 63 129
39 35 37 111
76 11 71 158
41 56 31 128
22 26 10 58
42 68 9 119
59 84 63 206
47 80 18 145
14 80 80 174
69 40 88 197
38 16 41 95
79 75 84 238
70 52 67 189
34 36 63 133
37 44 70 151
63 83 8 154
30 49 89 168
91 60 92 243
41 90 81 212
31 88 32 151
25 15 49 89
59 80 26 165
49 32 82 163
16 8 98 122
83 5 3 91
36 23 10 69
62 24 90 176
11 85 2 98
5 4 36 45
76 98 23 197
56 88 89 233
73 20 97 190
2 18 36 56
88 75 9 172
98 76 37 211
48 98 82 228
33 63 79 175
3 49 15 67
37 24 29 90
5 43 83 131
20 73 34 127
54 74 44 172
68 64 98 230
91 2 10 103
80 69 86 235
30 95 6 131
2 12 30 44
68 3 93 164
24 82 65 171
64 30 94 188
86 37 48 171
95 46 64 205
21 6 60 87
12 30 45 87
65 57 3 125
64 64 49 177
14 94 87 195
46 61 15 122
10 98 26 134
99 65 67 231
80 37 75 192
18 28 15 61
48 70 99 217
54 92 7 153
44 94 74 212
81 92 3 176
88 75 70 233
2 3 92 97
25 79 46 150
76 2 61 139
28 58 16 102
61 20 16 97
89 25 26 140
21 93 91 205
36 58 77 171
51 11 54 116
5 68 22 95
17 41 37 95
37 66 15 118
60 84 7 151
27 29 8 64
13 53 32 98
9 67 3 79
93 34 96 223
75 29 97 201
96 74 45 215
1 60 16 77
33 24 65 122
59 33 89 181
11 96 47 154
43 81 74 198
22 90 60 172
3 33 78 114
41 1 46 88
50 58 48 156
17 33 57 107
44 64 22 130
43 16 6 65
22 94 88 204
20 43 4 67
50 58 28 136
76 61 72 209
91 11 23 125
79 37 73 189
34 97 61 192
93 40 85 218
95 75 2 172
24 48 90 162
58 50 95 203
90 41 67 198
3 6 77 86
17 41 67 125
22 84 20 126
67 25 73 165
72 80 3 155
47 34 52 133
16 18 13 47
63 57 58 178
57 53 12 122
38 39 14 91
90 9 90 189
36 70 81 187
4 6 35 45
43 98 42 183
92 87 94 273
99 92 44 235
67 42 53 162
26 87 44 157
4 26 60 90
6 9 93 108
41 50 68 159
25 91 31 147
26 75 12 113
66 17 95 178
96 66 16 178
66 73 83 222
7 2 37 46
45 74 52 171
82 40 89 211
58 36 11 105
83 58 27 168
41 65 58 164
90 35 23 148
18 7 57 82
13 97 2 112
25 55 28 108
27 71 16 114
21 71 8 100
57 96 47 200
97 31 11 139
21 8 82 111
26 27 46 99
24 53 86 163
48 16 83 147
47 79 31 157
53 91 25 169
63 46 14 123
45 75 24 144
5 34 64 103
62 95 39 196
54 48 7 109
20 84 10 114
24 44 48 116
18 93 82 193
20 68 50 138
87 30 34 151
38 46 70 154
32 69 93 194
91 53 44 188
22 67 16 105
76 23 56 155
3 12 20 35
79 63 56 198
64 57 66 187
40 52 24 116
44 49 96 189
72 20 37 129
62 14 76 152
4 78 17 99
4 5 94 103
29 26 58 113
56 39 1 96
88 76 88 252
11 56 69 136
56 54 62 172
35 83 27 145
67 61 90 218
38 65 23 126
68 55 27 150
2 78 78 158
86 19 97 202
39 95 86 220
67 70 47 184
84 36 31 151
45 43 86 174
93 95 7 195
39 11 51 101
37 74 40 151
65 25 8 98
33 7 22 62
63 86 44 193
87 39 67 193
58 90 85 233
21 49 41 111
93 10 58 161
87 22 63 172
79 65 77 221
32 17 23 72
37 30 81 148
71 76 85 232
9 6 93 108
45 91 75 211
70 18 40 128
12 50 62 124
90 40 83 213
91 17 44 152
89 11 95 195
29 63 85 177
25 54 26 105
75 78 71 224
52 19 8 79
50 3 6 59
33 4 10 47
88 66 73 227
42 16 89 147
91 5 78 174
51 42 29 122
47 11 34 92
48 6 6 60
89 25 71 185
80 9 20 109
97 37 17 151
84 17 27 128
72 60 42 174
92 91 50 233
36 14 8 58
31 93 66 190
73 50 88 211
79 53 2 134
12 7 31 50
38 67 35 140
38 70 32 140
54 39 30 123
36 50 84 170
40 83 92 215
98 72 47 217
80 80 49 209
10 90 98 198
11 75 83 169
65 86 50 201
83 71 16 170
34 92 36 162
42 25 67 134
70 80 90 240
5 27 81 113
9 87 10 106
96 80 6 182
5 69 51 125
15 26 84 125
39 34 89 162
15 18 38 71
67 87 97 251
77 85 23 185
76 6 46 128
38 63 61 162
28 90 57 175
66 37 63 166
77 97 53 227
89 13 21 123
32 93 86 211
49 88 98 235
46 53 59 158
70 6 47 123
41 90 29 160
32 45 1 78
23 39 65 127
91 7 65 163
79 64 26 169
34 61 56 151
79 51 80 210
99 38 44 181
73 89 34 196
80 15 36 131
62 24 19 105
18 63 63 144
77 42 82 201
87 97 84 268
1 93 91 185
44 23 1 68
93 15 73 181
16 40 22 78
16 41 5 62
65 61 46 172
87 42 38 167
94 49 31 174
27 47 49 123
94 33 66 193
70 92 43 205
20 49 17 86
53 3 99 155
53 47 20 120
50 41 23 114
84 15 73 172
58 44 90 192
24 47 16 87
48 62 88 198
46 54 38 138
41 11 52 104
45 84 25 154
51 97 67 215
60 19 48 127
89 90 41 220
71 42 6 119
25 38 96 159
87 32 6 125
21 57 60 138
16 26 20 62
57 82 31 170
92 45 37 174
84 27 46 157
70 29 1 100
76 38 12 126
2 34 70 106
88 89 45 222
67 39 18 124
16 75 32 123
19 18 64 101
49 93 49 191
70 43 7 120
87 59 53 199
79 17 54 150
23 43 73 139
28 75 54 157
92 42 39 173
81 62 4 147
36 75 92 203
1 13 69 83
76 61 14 151
28 85 60 173
43 2 59 104
37 30 80 147
93 11 44 148
24 18 56 98
45 6 51 102
4 78 59 141
84 53 69 206
1 2 15 18
69 57 61 187
32 32 31 95
65 89 94 248
3 44 51 98
67 84 14 165
71 43 2 116
76 61 62 199
13 59 91 163
44 62 71 177
43 2 68 113
8 39 10 57
16 31 95 142
8 68 4 80
11 96 34 141
90 71 61 222
99 33 44 176
68 80 37 185
63 54 5 122
10 76 58 144
39 46 3 88
47 38 23 108
74 2 3 79
46 73 23 142
87 24 26 137
29 62 50 141
61 55 14 130
96 87 14 197
68 48 80 196
79 2 70 151
33 57 92 182
75 28 96 199
44 12 87 143
31 37 99 167
33 72 5 110
98 2 89 189
40 99 52 191
45 36 20 101
37 60 78 175
69 5 84 158
12 57 26 95
68 46 87 201
44 8 59 111
38 49 68 155
36 35 51 122
90 64 9 163
96 54 77 227
57 93 23 173
83 56 34 173
33 45 2 80
35 48 25 108
69 38 98 205
32 77 38 147
92 72 10 174
53 66 73 192
9 34 55 98
82 6 19 107
53 3 89 145
16 79 60 155
3 10 91 104
68 51 10 129
37 38 5 80
34 57 41 132
2 97 8 107
67 95 42 204
6 44 38 88
39 32 94 165
60 98 58 216
83 10 98 191
78 83 82 243
53 42 74 169
89 17 69 175
57 56 97 210
62 82 60 204
75 67 93 235
95 68 82 245
71 60 33 164
35 96 4 135
96 5 61 162
93 29 25 147
94 53 23 170
71 54 25 150
95 7 92 194
1 23 11 35
92 47 16 155
18 38 59 115
79 41 46 166
22 95 47 164
41 79 88 208
37 9 94 140
37 4 93 134
69 3 58 130
55 54 75 184
72 59 97 228
57 17 85 159
36 38 74 148
98 99 23 220
50 31 41 122
92 46 47 185
37 84 84 205
4 29 38 71
5 32 15 52
8 94 1 103
85 46 49 180
12 45 48 105
69 79 6 154
3 47 53 103
44 96 43 183
68 36 22 126
77 97 60 234
18 59 96 173
64 8 21 93
7 60 30 97
95 7 74 176
3 17 13 33
57 35 33 125
89 96 10 195
37 46 15 98
95 6 85 186
39 85 66 190
99 49 92 240
12 70 93 175
3 91 93 187
3 83 54 140
22 69 95 186
97 34 2 133
23 33 3 59
21 78 88 187
78 23 8 109
88 76 38 202
35 5 85 125
36 48 28 112
14 68 48 130
97 22 78 197
95 70 36 201
14 27 5 46
5 87 36 128
1 1 18 20
83 28 47 158
26 76 98 200
36 43 50 129
25 89 94 208
70 33 34 137
65 80 46 191
77 72 13 162
46 35 3 84
6 21 62 89
21 55 31 107
62 70 77 209
21 88 96 205
39 19 34 92
82 84 50 216
33 45 44 122
9 53 80 142
2 79 84 165
40 35 84 159
2 75 97 174
71 84 99 254
33 40 35 108
92 51 87 230
68 56 81 205
55 8 43 106
43 50 1 94
68 81 55 204
94 25 4 123
14 53 67 134
12 7 87 106
15 42 66 123
35 10 68 113
97 55 21 173
67 82 50 199
92 92 39 223
91 94 99 284
48 3 64 115
71 84 37 192
28 42 84 154
65 60 35 160
60 54 71 185
3 17 42 62
49 69 19 137
79 94 27 200
74 96 4 174
33 35 57 125
3 53 21 77
92 60 81 233
37 97 39 173
25 89 68 182
24 67 11 102
62 73 28 163
5 76 37 118
29 80 7 116
52 81 16 149
13 67 10 90
85 19 39 143
86 24 39 149
91 35 88 214
37 26 39 102
20 68 42 130
24 10 32 66
82 10 91 183
10 39 63 112
37 79 23 139
52 51 41 144
16 34 64 114
84 46 6 136
40 73 55 168
11 1 53 65
97 57 66 220
90 69 88 247
40 37 88 165
18 24 94 136
66 39 18 123
23 5 4 32
24 78 47 149
48 5 61 114
25 29 35 89
7 81 63 151
35 12 46 93
9 48 57 114
46 94 70 210
52 34 50 136
81 48 57 186
43 41 87 171
98 52 90 240
62 43 34 139
46 35 50 131
69 97 19 185
61 60 50 171
31 1 30 62
85 12 3 100
43 25 45 113
61 50 50 161
65 17 62 144
31 47 38 116
98 93 68 259
35 60 31 126
81 82 11 174
62 61 20 143
1 59 83 143
85 36 33 154
57 9 90 156
85 38 43 166
19 17 29 65
87 85 24 196
78 12 59 149
81 86 98 265
30 17 87 134
6 3 81 90
61 51 26 138
96 7 9 112
18 62 91 171
7 32 11 50
4 68 46 118
36 90 26 152
16 11 70 97
52 95 7 154
50 85 74 209
90 91 1 182
95 98 84 277
97 71 3 171
84 54 85 223
15 51 80 146
83 41 15 139
63 36 32 131
36 61 44 141
54 10 64 128
13 23 52 88
36 91 18 145
62 6 23 91
76 37 1 114
7 13 51 71
41 16 67 124
70 21 37 128
78 42 44 164
51 85 66 202
61 59 18 138
95 53 53 201
73 66 27 166
4 47 11 62
49 64 10 123
22 23 66 111
62 65 73 200
87 46 61 194
47 33 82 162
71 85 49 205
30 71 25 126
83 66 3 152
86 98 97 281
14 93 13 120
68 19 38 125
74 45 61 180
3 83 62 148
84 83 91 258
36 80 79 195
16 47 1 64
37 46 48 131
11 30 83 124
48 58 64 170
49 34 38 121
69 39 27 135
73 93 21 187
29 24 38 91
37 37 98 172
76 85 68 229
10 15 82 107
8 66 56 130
37 71 49 157
51 76 19 146
21 89 31 141
7 38 32 77
22 61 81 164
32 52 93 177
17 17 48 82
27 22 16 65
28 64 36 128
64 67 21 152
10 73 27 110
36 16 24 76
2 30 2 34
58 9 17 84
60 92 82 234
8 46 66 120
13 97 88 198
90 43 10 143
59 69 42 170
18 94 94 206
70 63 26 159
4 25 41 70
79 9 68 156
51 12 11 74
40 53 34 127
57 55 1 113
65 44 41 150
70 4 77 151
22 12 86 120
66 97 99 262
31 33 82 146
50 31 39 120
69 6 10 85
66 9 14 89
35 18 33 86
22 97 37 156
91 18 72 181
11 69 44 124
66 8 30 104
93 81 33 207
15 87 18 120
7 62 30 99
97 29 16 142
13 66 21 100
95 72 43 210
57 22 88 167
69 46 68 183
81 53 23 157
31 9 22 62
73 23 3 99
60 44 20 124
70 56 37 163
1 43 10 54
59 76 19 154
75 57 40 172
57 5 17 79
19 89 7 115
72 91 34 197
58 92 43 193
46 1 47 94
50 85 4 139
57 38 33 128
80 90 98 268
32 8 14 54
13 60 70 143
60 52 37 149
28 25 8 61
88 34 77 199
27 2 79 108
76 72 11 159
69 95 97 261
56 24 27 107
92 81 29 202
60 59 99 218
75 84 23 182
10 9 7 26
72 40 98 210
60 90 63 213
39 72 59 170
89 14 98 201
91 98 90 279
86 34 3 123
8 46 88 142
9 30 72 111
28 90 98 216
14 21 15 50
53 14 88 155
14 45 16 75
34 24 43 101
99 40 28 167
85 60 60 205
86 84 11 181
9 30 8 47
6 68 69 143
59 94 1 154
26 89 96 211
74 22 82 178
74 67 54 195
36 4 97 137
2 15 23 40
92 24 70 186
19 29 16 64
99 26 46 171
41 25 81 147
20 44 23 87
54 38 80 172
45 88 89 222
83 33 43 159
51 96 73 220
55 17 84 156
13 5 11 29
22 27 27 76
48 79 66 193
14 5 39 58
82 88 48 218
60 51 23 134
48 29 80 157
20 90 85 195
59 62 42 163
34 46 68 148
64 42 26 132
59 27 43 129
22 41 68 131
87 12 59 158
16 49 28 93
19 87 68 174
65 96 41 202
8 16 28 52
36 12 8 56
97 56 15 168
50 13 41 104
51 12 50 113
49 23 74 146
53 69 47 169
21 14 20 55
7 91 51 149
85 84 79 248
50 7 63 120
70 80 58 208
87 44 17 148
77 61 5 143
19 67 11 97
73 54 41 168
40 49 47 136
33 78 37 148
3 14 74 91
3 55 83 141
66 24 72 162
93 28 68 189
34 1 12 47
86 28 35 149
83 15 87 185
56 65 11 132
1 80 65 146
34 12 85 131
30 43 84 157
74 44 65 183
94 33 26 153
4 30 47 81
15 55 9 79
95 75 84 254
67 33 58 158
51 98 61 210
40 34 86 160
83 76 15 174
69 68 94 231
8 72 59 139
13 91 11 115
12 52 35 99
34 6 57 97
99 26 59 184
37 69 35 141
88 47 67 202
45 75 79 199
19 95 10 124
20 45 33 98
84 9 73 166
8 71 82 161
14 1 30 45
27 68 25 120
35 41 41 117
63 72 20 155
19 62 21 102
62 83 52 197
64 3 13 80
47 71 78 196
90 13 90 193
4 67 12 83
35 4 3 42
85 88 14 187
17 64 84 165
48 50 23 121
31 58 84 173
44 2 13 59
43 16 97 156
51 86 65 202
99 7 17 123
87 28 83 198
96 89 72 257
43 58 34 135
59 5 42 106
15 6 36 57
35 23 66 124
14 84 63 161
20 60 60 140
14 87 50 151
44 10 78 132
27 97 76 200
85 21 77 183
4 17 97 118
85 61 60 206
56 66 4 126
70 16 76 162
64 35 7 106
70 83 21 174
67 22 62 151
24 88 51 163
34 84 25 143
90 10 60 160
99 21 74 194
35 12 23 70
9 99 92 200
77 58 72 207
79 13 66 158
45 82 10 137
45 23 17 85
29 61 65 155
84 33 73 190
95 85 72 252
71 51 43 165
11 49 92 152
15 6 73 94
72 97 83 252
77 73 13 163
12 62 92 166
59 93 85 237
87 25 57 169
36 64 30 130
61 71 60 192
5 50 17 72
19 4 43 66
95 60 54 209
83 17 33 133
4 5 2 11
86 11 34 131
13 82 93 188
47 17 47 111
28 98 68 194
58 28 46 132
28 16 83 127
72 50 3 125
94 91 6 191
3 55 27 85
65 3 53 121
32 8 72 112
96 35 40 171
2 82 6 90
6 30 90 126
21 48 60 129
26 29 62 117
79 69 79 227
20 78 94 192
39 91 37 167
46 33 86 165
63 88 76 227
21 46 87 154
61 49 56 166
91 25 15 131
44 12 2 58
99 60 37 196
28 37 72 137
30 87 9 126
31 32 82 145
30 90 4 124
68 71 92 231
63 25 58 146
63 8 58 129
95 61 64 220
72 33 86 191
86 87 97 270
63 75 78 216
38 27 89 154
56 75 21 152
61 85 96 242
58 79 27 164
