1 3 7 11
5 7 1 13
6 1 12 19
3 4 16 23
16 1 10 27
10 14 3 27
15 8 5 28
2 24 6 32
20 8 4 32
12 6 16 34
13 14 7 34
18 3 13 34
12 11 12 35
14 11 10 35
12 13 11 36
1 5 30 36
4 16 16 36
8 21 8 37
8 10 20 38
27 1 10 38
6 4 29 39
18 1 20 39
5 29 5 39
5 2 34 41
27 13 1 41
12 26 3 41
24 12 5 41
3 18 22 43
4 29 10 43
26 7 10 43
8 4 31 43
4 33 7 44
1 18 25 44
1 42 1 44
6 3 36 45
17 18 10 45
7 13 25 45
1 39 6 46
15 17 14 46
28 5 13 46
3 18 26 47
8 8 31 47
32 12 3 47
1 13 35 49
21 13 15 49
14 22 14 50
23 27 1 51
21 17 14 52
27 12 13 52
5 38 10 53
10 1 42 53
27 1 26 54
10 27 17 54
25 5 25 55
13 19 23 55
24 30 1 55
19 23 13 55
29 7 19 55
10 13 33 56
5 38 14 57
45 10 2 57
22 30 5 57
34 15 9 58
4 47 7 58
6 16 37 59
28 26 5 59
44 12 3 59
12 36 12 60
24 22 14 60
23 27 10 60
27 25 8 60
21 2 37 60
2 33 25 60
25 16 20 61
30 13 18 61
21 21 19 61
21 16 25 62
14 39 9 62
13 19 30 62
37 23 2 62
18 4 40 62
25 7 30 62
9 49 5 63
16 11 36 63
26 4 33 63
37 17 9 63
4 55 4 63
14 19 30 63
6 29 29 64
10 8 46 64
21 25 18 64
9 13 42 64
46 15 4 65
53 3 9 65
36 14 16 66
50 13 3 66
31 7 28 66
49 13 5 67
14 1 52 67
28 35 4 67
36 26 6 68
33 7 28 68
26 25 17 68
8 44 16 68
51 15 2 68
7 44 17 68
24 11 34 69
26 37 6 69
22 38 9 69
2 13 55 70
8 5 57 70
29 13 28 70
11 25 34 70
47 5 19 71
2 32 37 71
30 29 13 72
7 30 35 72
3 29 40 72
35 28 9 72
33 4 35 72
11 20 41 72
9 32 32 73
16 24 33 73
13 2 58 73
35 29 9 73
16 29 28 73
30 15 28 73
12 54 8 74
42 22 10 74
15 10 49 74
12 32 30 74
1 23 51 75
22 5 48 75
33 11 31 75
16 20 39 75
28 38 9 75
32 37 6 75
66 7 2 75
27 25 24 76
3 62 11 76
8 67 1 76
5 55 16 76
62 10 4 76
9 25 43 77
6 15 56 77
4 56 17 77
33 42 3 78
8 20 50 78
7 51 20 78
2 68 8 78
66 5 7 78
38 26 15 79
14 4 61 79
10 55 14 79
44 1 34 79
20 46 13 79
66 10 3 79
1 55 23 79
41 14 24 79
3 19 58 80
52 25 3 80
23 4 53 80
17 45 18 80
39 30 12 81
1 70 10 81
44 36 1 81
30 10 41 81
54 21 6 81
33 19 29 81
3 63 15 81
14 40 27 81
3 59 20 82
26 7 49 82
23 55 4 82
49 13 20 82
56 24 2 82
28 53 1 82
23 34 25 82
48 31 3 82
17 53 12 82
48 7 28 83
20 54 9 83
43 19 21 83
32 7 44 83
8 40 35 83
13 46 24 83
34 29 20 83
27 9 48 84
60 5 19 84
53 18 13 84
40 12 32 84
46 32 6 84
25 57 2 84
17 18 49 84
15 42 28 85
46 33 6 85
9 8 68 85
45 6 34 85
56 25 5 86
24 10 52 86
7 46 33 86
8 61 17 86
22 4 60 86
14 39 33 86
45 20 21 86
29 36 21 86
12 54 20 86
7 9 70 86
4 17 65 86
23 3 61 87
40 40 7 87
21 35 31 87
2 75 10 87
39 8 40 87
15 2 70 87
66 14 7 87
13 8 66 87
40 3 44 87
29 5 54 88
41 31 16 88
13 47 28 88
44 29 15 88
43 38 7 88
45 19 24 88
6 74 8 88
34 27 27 88
18 38 32 88
45 27 17 89
31 56 2 89
33 43 13 89
1 59 29 89
31 43 15 89
21 12 56 89
42 35 12 89
38 1 50 89
11 8 70 89
25 47 18 90
31 47 12 90
16 68 6 90
20 33 37 90
53 18 19 90
10 43 37 90
22 10 58 90
56 33 1 90
78 12 1 91
62 13 16 91
55 18 18 91
24 19 48 91
11 2 78 91
17 58 16 91
64 25 2 91
2 32 58 92
1 38 53 92
34 16 42 92
43 39 10 92
18 41 33 92
6 20 66 92
23 1 68 92
49 1 42 92
15 52 26 93
29 14 50 93
7 44 42 93
7 73 13 93
6 63 25 94
38 37 19 94
5 45 44 94
21 1 72 94
39 25 30 94
51 36 7 94
78 6 10 94
63 18 13 94
39 8 47 94
75 13 6 94
27 39 29 95
10 8 77 95
48 6 41 95
49 12 34 95
36 53 6 95
54 17 24 95
79 10 6 95
70 10 15 95
11 32 52 95
41 1 53 95
16 36 44 96
2 25 69 96
28 58 10 96
52 1 43 96
45 36 15 96
10 62 24 96
25 61 10 96
53 41 2 96
37 29 30 96
39 2 55 96
17 15 64 96
31 20 46 97
34 61 2 97
57 27 13 97
20 1 76 97
20 27 50 97
2 37 58 97
41 37 19 97
89 6 2 97
12 81 4 97
52 4 42 98
13 23 62 98
30 50 18 98
25 59 14 98
2 63 33 98
9 28 61 98
38 31 29 98
22 51 25 98
14 63 21 98
20 54 24 98
40 15 43 98
9 77 12 98
35 16 48 99
15 6 78 99
17 66 16 99
7 65 27 99
1 39 59 99
20 33 47 100
24 69 7 100
21 66 13 100
6 75 19 100
17 77 6 100
83 3 14 100
17 33 50 100
9 38 53 100
57 29 14 100
10 27 63 100
6 68 27 101
51 49 1 101
18 14 69 101
36 5 60 101
9 40 52 101
6 6 89 101
55 15 31 101
16 75 10 101
35 49 17 101
25 60 16 101
34 49 18 101
47 6 48 101
10 30 62 102
41 53 8 102
39 53 10 102
21 26 55 102
23 75 4 102
74 19 9 102
73 3 26 102
76 18 8 102
43 48 12 103
69 28 6 103
40 13 50 103
43 39 21 103
78 8 17 103
16 2 85 103
54 33 16 103
3 67 33 103
22 67 14 103
40 47 16 103
35 29 39 103
38 13 52 103
52 13 38 103
73 13 17 103
41 19 43 103
25 57 21 103
25 40 39 104
18 30 56 104
55 5 44 104
4 31 69 104
20 2 82 104
64 7 33 104
86 9 9 104
26 33 45 104
13 79 12 104
21 30 53 104
20 81 3 104
51 31 22 104
56 39 9 104
18 23 64 105
30 31 44 105
78 15 12 105
20 24 61 105
11 64 30 105
7 1 97 105
63 13 29 105
52 23 31 106
15 63 28 106
23 11 72 106
53 51 2 106
93 1 12 106
80 3 23 106
20 9 78 107
27 7 73 107
54 34 19 107
69 6 32 107
27 18 62 107
64 31 12 107
25 57 25 107
17 34 56 107
29 17 61 107
17 33 57 107
25 71 11 107
13 89 6 108
5 89 14 108
46 12 50 108
1 45 62 108
24 29 55 108
80 13 15 108
23 57 28 108
37 38 33 108
45 6 57 108
19 53 36 108
10 63 35 108
52 42 14 108
50 23 35 108
31 59 18 108
38 13 57 108
38 62 8 108
8 58 42 108
54 42 12 108
49 37 22 108
90 6 13 109
77 10 22 109
15 49 45 109
5 97 7 109
57 51 1 109
12 2 95 109
74 12 23 109
22 73 14 109
12 20 77 109
81 17 11 109
78 29 2 109
71 12 27 110
47 19 44 110
62 20 28 110
35 51 24 110
90 8 12 110
38 23 49 110
5 19 86 110
76 1 33 110
54 15 41 110
51 48 11 110
18 1 91 110
47 14 50 111
8 28 75 111
22 58 31 111
64 4 43 111
43 42 26 111
5 13 93 111
95 15 1 111
7 24 80 111
16 39 56 111
16 27 68 111
1 40 70 111
21 66 24 111
32 48 32 112
11 47 54 112
20 84 8 112
21 39 52 112
55 2 55 112
5 57 50 112
59 42 11 112
57 2 53 112
39 33 40 112
10 5 97 112
9 22 81 112
31 6 75 112
10 20 82 112
12 9 92 113
59 24 30 113
61 3 49 113
43 49 21 113
61 7 45 113
33 65 15 113
26 67 20 113
14 95 4 113
71 37 5 113
65 31 17 113
65 22 26 113
29 33 51 113
20 73 20 113
30 62 21 113
40 4 69 113
62 22 29 113
75 14 25 114
22 84 8 114
11 11 92 114
52 15 47 114
4 21 89 114
66 33 15 114
27 18 69 114
4 91 19 114
51 31 32 114
56 1 57 114
34 33 47 114
36 11 67 114
42 45 27 114
33 17 64 114
35 19 60 114
60 49 5 114
34 78 2 114
64 1 50 115
52 31 32 115
12 19 84 115
13 7 95 115
5 95 15 115
4 77 34 115
41 58 16 115
17 73 25 115
6 41 68 115
3 80 32 115
40 41 34 115
31 24 60 115
26 66 23 115
17 27 71 115
19 70 26 115
41 71 3 115
60 30 25 115
5 54 56 115
55 25 35 115
45 2 69 116
1 19 96 116
69 29 18 116
10 62 44 116
24 33 59 116
51 21 44 116
10 94 12 116
39 51 26 116
3 60 53 116
29 80 7 116
12 28 77 117
20 2 95 117
32 50 35 117
5 84 28 117
3 28 86 117
78 21 18 117
86 7 24 117
11 36 70 117
17 17 83 117
72 30 16 118
33 79 6 118
73 35 10 118
46 9 63 118
16 6 96 118
41 74 3 118
23 30 65 118
7 25 86 118
21 21 76 118
8 39 72 119
49 62 8 119
19 63 37 119
24 2 93 119
1 56 62 119
21 47 51 119
30 57 32 119
16 64 39 119
86 20 13 119
46 71 2 119
37 75 7 119
66 19 34 119
35 23 61 119
58 59 2 119
16 25 78 119
13 96 11 120
42 41 37 120
65 31 24 120
49 30 41 120
87 32 1 120
44 48 28 120
12 23 85 120
49 61 10 120
17 34 69 120
91 25 4 120
8 44 68 120
68 17 35 120
58 55 7 120
17 6 97 120
73 24 23 120
54 40 27 121
64 30 27 121
60 31 30 121
13 67 41 121
68 9 44 121
61 4 56 121
45 43 33 121
28 91 2 121
15 41 65 121
46 23 52 121
38 80 3 121
39 16 66 121
58 33 30 121
26 41 54 121
95 6 20 121
65 21 35 121
12 41 68 121
88 23 11 122
83 27 12 122
6 41 75 122
64 45 13 122
10 95 17 122
64 25 33 122
68 33 21 122
40 63 19 122
28 37 57 122
16 17 89 122
40 41 41 122
56 5 62 123
58 62 3 123
78 17 28 123
10 58 55 123
65 36 22 123
90 13 20 123
65 14 44 123
70 15 38 123
40 54 29 123
44 62 17 123
44 2 78 124
80 38 6 124
7 92 25 124
51 2 71 124
44 50 30 124
10 71 43 124
54 63 7 124
36 43 45 124
42 30 52 124
18 61 45 124
46 74 4 124
15 86 24 125
56 43 26 125
41 50 34 125
32 6 87 125
24 99 2 125
26 73 26 125
75 17 33 125
7 67 51 125
19 8 98 125
5 48 72 125
15 16 94 125
58 64 3 125
46 8 71 125
2 99 24 125
21 47 57 125
8 88 29 125
33 1 91 125
98 20 7 125
23 43 59 125
20 67 39 126
80 34 12 126
49 49 28 126
83 39 4 126
67 15 44 126
19 32 75 126
29 35 62 126
24 62 41 127
26 60 41 127
83 40 4 127
30 90 7 127
39 1 87 127
67 32 28 127
61 55 11 127
8 57 62 127
22 86 19 127
80 12 35 127
28 2 97 127
74 11 42 127
65 1 61 127
12 80 35 127
25 41 61 127
62 4 62 128
18 99 11 128
99 10 19 128
41 53 34 128
90 33 5 128
36 2 90 128
8 58 62 128
66 22 40 128
93 28 7 128
21 57 50 128
44 75 9 128
45 65 18 128
27 77 24 128
25 28 76 129
29 38 62 129
3 39 87 129
23 16 90 129
69 29 31 129
28 31 70 129
6 95 28 129
8 86 35 129
3 90 36 129
7 40 82 129
86 1 42 129
6 44 79 129
46 36 47 129
15 93 21 129
68 28 33 129
21 12 96 129
3 72 54 129
31 90 9 130
51 13 66 130
97 25 8 130
29 84 17 130
82 17 31 130
99 12 19 130
25 64 41 130
75 10 45 130
18 66 46 130
10 41 79 130
7 24 99 130
52 71 7 130
6 48 76 130
22 92 16 130
77 4 49 130
62 44 25 131
51 16 64 131
31 92 8 131
7 75 49 131
83 4 44 131
60 29 42 131
33 35 63 131
46 21 64 131
45 76 10 131
50 3 79 132
67 15 50 132
58 32 42 132
31 60 41 132
80 50 2 132
55 71 6 132
9 42 81 132
47 28 57 132
23 31 78 132
10 63 59 132
94 4 34 132
63 32 37 132
30 64 38 132
2 98 32 132
52 78 2 132
1 45 86 132
30 19 83 132
58 35 39 132
95 13 24 132
60 34 39 133
33 28 72 133
62 69 2 133
91 5 37 133
53 70 10 133
11 43 79 133
52 62 19 133
77 26 30 133
17 85 31 133
60 29 44 133
26 83 24 133
44 75 14 133
50 81 2 133
45 46 42 133
86 27 20 133
72 34 27 133
57 6 70 133
97 19 17 133
15 51 67 133
23 33 77 133
65 48 21 134
1 45 88 134
11 95 28 134
18 66 50 134
12 51 71 134
37 26 71 134
81 16 37 134
25 98 11 134
48 35 51 134
51 35 48 134
57 42 35 134
75 30 29 134
63 40 31 134
29 43 63 135
2 81 52 135
78 30 27 135
13 70 52 135
17 59 59 135
84 9 42 135
35 57 43 135
72 3 60 135
60 69 6 135
18 25 92 135
66 44 25 135
13 55 67 135
49 69 18 136
82 48 6 136
23 99 14 136
35 78 23 136
69 65 2 136
13 74 49 136
20 46 70 136
38 38 60 136
67 26 43 136
94 22 20 136
78 18 40 136
5 96 35 136
16 54 66 136
18 74 44 136
42 25 69 136
40 57 39 136
57 64 15 136
56 5 75 136
21 41 74 136
16 30 91 137
72 59 6 137
36 39 62 137
53 65 19 137
12 86 39 137
80 46 11 137
59 28 50 137
46 25 66 137
96 25 16 137
16 36 85 137
32 17 88 137
76 8 53 137
8 85 44 137
10 59 68 137
35 19 83 137
24 49 64 137
56 15 66 137
18 73 46 137
20 52 65 137
53 43 42 138
9 31 98 138
53 47 38 138
2 37 99 138
34 47 57 138
77 12 49 138
61 47 30 138
5 45 88 138
41 45 52 138
37 56 45 138
63 1 74 138
5 56 77 138
45 74 19 138
79 23 37 139
63 71 5 139
79 31 29 139
55 82 2 139
58 33 48 139
66 17 56 139
91 11 37 139
61 75 3 139
11 80 48 139
16 49 74 139
16 26 97 139
64 9 67 140
8 42 90 140
44 6 90 140
77 6 57 140
54 36 50 140
44 1 95 140
18 91 31 140
33 65 42 140
8 48 84 140
47 66 27 140
84 35 21 140
22 42 76 140
62 1 77 140
47 67 26 140
9 63 68 140
79 37 24 140
15 36 89 140
30 16 94 140
62 52 26 140
52 21 67 140
69 20 51 140
7 81 52 140
5 46 90 141
94 37 10 141
17 82 42 141
94 40 7 141
37 88 16 141
50 48 43 141
44 38 59 141
27 88 26 141
15 72 54 141
49 54 38 141
60 72 9 141
46 78 17 141
57 2 82 141
76 38 27 141
50 3 88 141
25 63 53 141
5 48 88 141
73 29 39 141
13 53 75 141
72 69 1 142
39 53 50 142
40 47 55 142
48 89 5 142
39 71 32 142
44 51 47 142
52 10 80 142
8 71 63 142
65 46 31 142
40 79 23 142
20 67 55 142
1 68 73 142
87 38 17 142
16 60 66 142
2 97 43 142
92 46 4 142
48 37 57 142
47 10 86 143
24 45 74 143
97 33 13 143
77 22 44 143
22 37 84 143
92 41 10 143
36 53 54 143
7 72 64 143
36 90 17 143
97 15 31 143
39 10 94 143
47 91 5 143
53 1 89 143
42 21 80 143
42 50 52 144
27 42 75 144
90 42 12 144
39 77 28 144
38 50 56 144
60 69 15 144
4 98 42 144
50 6 88 144
49 12 83 144
44 31 69 144
3 78 63 144
81 53 11 145
84 57 4 145
15 98 32 145
3 89 53 145
61 1 83 145
90 46 9 145
33 72 40 145
60 43 42 145
32 31 82 145
24 25 96 145
18 92 35 145
36 24 85 145
37 57 51 145
90 36 19 145
47 36 62 145
38 96 11 145
33 30 82 145
5 69 71 145
16 68 61 145
23 49 73 145
33 52 61 146
47 2 97 146
50 8 88 146
31 79 36 146
48 68 30 146
26 38 82 146
59 85 2 146
15 47 84 146
8 69 69 146
9 98 39 146
72 5 69 146
57 80 9 146
98 32 16 146
15 37 94 146
78 54 14 146
51 28 67 146
95 10 41 146
36 39 72 147
63 27 57 147
2 48 97 147
29 83 35 147
61 62 24 147
65 21 61 147
58 84 5 147
47 83 17 147
97 37 13 147
65 5 77 147
49 2 96 147
33 23 91 147
58 3 86 147
80 6 61 147
36 41 70 147
49 79 19 147
44 66 38 148
53 85 10 148
18 80 50 148
43 76 29 148
65 13 70 148
25 81 42 148
62 80 6 148
88 16 44 148
84 49 15 148
26 75 47 148
54 3 91 148
77 69 2 148
93 7 48 148
46 45 58 149
33 82 34 149
19 56 74 149
23 99 27 149
49 93 7 149
39 52 58 149
36 83 30 149
42 21 86 149
45 23 81 149
91 12 46 149
78 1 70 149
35 68 47 150
49 25 76 150
77 64 9 150
10 61 79 150
72 1 77 150
58 45 47 150
36 31 83 150
68 25 57 150
51 7 92 150
34 76 40 150
64 48 38 150
71 48 32 151
45 40 66 151
6 77 68 151
28 40 83 151
39 27 85 151
73 41 37 151
22 71 58 151
45 34 72 151
69 23 59 151
19 85 47 151
26 48 77 151
40 95 16 151
87 43 21 151
49 50 52 151
92 43 16 151
80 9 62 151
72 2 77 151
6 82 64 152
43 43 66 152
24 75 53 152
48 55 49 152
16 72 64 152
79 38 35 152
70 50 32 152
19 64 69 152
21 82 49 152
51 93 8 152
24 84 44 152
10 50 92 152
74 71 7 152
69 26 57 152
12 78 62 152
42 94 16 152
12 41 99 152
81 69 2 152
90 50 12 152
42 77 33 152
47 32 73 152
86 22 44 152
71 35 46 152
1 70 82 153
78 16 59 153
66 40 47 153
89 24 40 153
69 62 22 153
17 39 97 153
10 87 56 153
97 9 47 153
21 53 79 153
47 31 75 153
35 55 64 154
13 98 43 154
42 26 86 154
68 31 55 154
47 76 31 154
91 59 4 154
14 66 74 154
51 87 16 154
90 19 45 154
14 95 46 155
57 38 60 155
39 85 31 155
3 57 95 155
36 92 27 155
82 16 57 155
75 48 32 155
75 28 52 155
81 8 66 155
13 59 84 156
43 64 49 156
16 90 50 156
48 94 14 156
42 50 64 156
66 80 10 156
62 14 80 156
63 68 25 156
20 63 73 156
46 45 65 156
9 99 48 156
99 18 39 156
39 75 42 156
11 86 59 156
88 61 7 156
84 44 29 157
10 89 58 157
33 96 28 157
56 12 89 157
54 43 60 157
40 89 28 157
2 91 64 157
3 55 99 157
54 99 4 157
97 27 33 157
47 98 12 157
30 36 92 158
82 51 25 158
58 16 84 158
28 67 63 158
62 49 47 158
58 74 26 158
68 67 23 158
29 31 98 158
35 49 74 158
16 76 66 158
8 94 56 158
50 94 14 158
59 30 69 158
10 72 76 158
37 90 31 158
45 38 76 159
81 41 37 159
20 77 62 159
71 5 83 159
7 65 87 159
42 66 51 159
11 62 86 159
71 45 43 159
73 25 61 159
23 38 98 159
53 27 79 159
6 78 75 159
66 71 22 159
78 26 55 159
52 25 82 159
35 63 61 159
68 78 13 159
96 60 3 159
64 36 60 160
87 71 2 160
56 78 26 160
69 9 82 160
58 43 59 160
81 22 57 160
73 67 20 160
26 36 98 160
58 76 26 160
73 75 12 160
2 98 60 160
70 31 59 160
27 64 69 160
7 62 91 160
49 26 85 160
29 72 59 160
74 12 74 160
6 70 84 160
58 7 95 160
59 31 70 160
36 98 26 160
36 41 84 161
96 47 18 161
29 77 55 161
35 69 57 161
63 42 56 161
67 68 26 161
27 64 70 161
81 51 29 161
58 43 60 161
39 93 29 161
73 23 65 161
98 39 24 161
84 45 32 161
97 18 47 162
56 72 34 162
89 12 61 162
75 15 72 162
33 39 90 162
42 86 34 162
71 16 75 162
31 70 61 162
9 89 64 162
49 71 42 162
33 96 33 162
3 76 83 162
60 29 73 162
22 82 58 162
56 13 93 162
60 3 99 162
58 18 86 162
70 25 67 162
22 84 56 162
71 86 6 163
88 26 49 163
33 78 52 163
46 87 30 163
80 25 58 163
26 47 90 163
84 55 24 163
41 41 81 163
37 66 60 163
30 86 47 163
10 57 97 164
46 32 86 164
76 66 22 164
76 65 23 164
49 93 22 164
67 60 37 164
66 58 40 164
6 60 98 164
48 89 27 164
65 6 93 164
42 62 60 164
87 34 43 164
67 56 41 164
65 19 80 164
69 52 43 164
74 25 65 164
40 33 91 164
58 93 13 164
54 32 79 165
39 78 48 165
85 19 61 165
67 69 29 165
52 40 73 165
55 45 65 165
75 78 12 165
91 17 57 165
99 27 39 165
60 99 6 165
80 27 58 165
59 9 97 165
72 20 73 165
27 97 41 165
86 37 42 165
48 20 97 165
11 85 69 165
21 84 60 165
31 54 80 165
88 49 28 165
66 61 39 166
95 11 60 166
66 57 43 166
44 95 27 166
50 77 39 166
31 68 67 166
70 63 33 166
53 30 83 166
52 32 82 166
58 69 40 167
80 55 32 167
71 10 86 167
75 25 67 167
54 91 22 167
60 92 15 167
60 35 72 167
47 47 73 167
61 11 95 167
99 10 58 167
57 78 32 167
28 49 90 167
89 46 32 167
57 35 75 167
76 57 35 168
42 70 56 168
99 58 11 168
86 15 67 168
26 63 79 168
58 45 65 168
61 35 72 168
38 99 31 168
6 80 82 168
69 46 53 168
93 13 62 168
51 38 79 168
63 25 80 168
10 91 67 168
35 66 67 168
5 76 87 168
69 36 64 169
94 50 25 169
25 45 99 169
62 47 60 169
13 93 63 169
86 63 20 169
84 73 12 169
18 82 69 169
32 85 53 170
26 49 95 170
88 72 10 170
24 79 67 170
91 18 61 170
94 71 5 170
73 63 34 170
78 30 62 170
86 1 83 170
65 47 58 170
83 11 76 170
92 25 53 170
24 69 77 170
96 27 48 171
95 2 74 171
77 4 90 171
97 4 70 171
85 35 51 171
64 14 93 171
22 61 88 171
73 90 8 171
61 14 96 171
32 95 44 171
72 27 73 172
92 26 54 172
59 56 57 172
22 67 83 172
84 62 26 172
61 99 12 172
7 80 85 172
85 53 34 172
56 33 83 172
42 50 80 172
83 51 38 172
11 77 84 172
52 51 69 172
91 59 22 172
83 42 47 172
66 80 26 172
43 83 47 173
46 71 56 173
52 40 81 173
26 76 71 173
91 30 52 173
86 19 68 173
29 84 60 173
57 32 84 173
24 64 85 173
28 93 52 173
79 59 35 173
97 74 2 173
20 95 58 173
79 44 50 173
44 31 98 173
54 26 93 173
52 98 23 173
43 93 37 173
57 75 41 173
32 62 79 173
42 40 91 173
42 57 74 173
82 65 26 173
59 67 47 173
60 94 19 173
69 5 99 173
93 21 59 173
45 76 53 174
53 92 29 174
73 99 2 174
64 86 24 174
71 76 27 174
86 43 45 174
74 32 68 174
58 93 23 174
38 98 38 174
88 57 29 174
53 87 34 174
43 69 62 174
88 37 49 174
21 84 69 174
97 28 49 174
56 52 66 174
86 82 6 174
97 76 2 175
46 52 77 175
96 48 31 175
38 58 79 175
12 84 79 175
53 52 70 175
58 59 58 175
35 88 52 175
82 30 63 175
70 48 57 175
31 81 63 175
56 91 28 175
12 96 67 175
69 95 11 175
63 72 40 175
76 61 38 175
98 23 54 175
63 71 41 175
52 86 38 176
48 85 43 176
72 75 29 176
30 63 83 176
54 83 39 176
70 66 40 176
73 86 17 176
53 99 24 176
50 42 84 176
10 87 79 176
97 6 73 176
34 92 51 177
46 69 62 177
98 78 1 177
69 51 57 177
67 41 69 177
61 76 40 177
92 80 5 177
33 78 66 177
5 84 88 177
5 87 85 177
59 21 97 177
1 90 86 177
73 59 46 178
30 73 75 178
96 76 6 178
63 94 21 178
6 84 88 178
72 7 99 178
89 33 56 178
67 61 50 178
75 9 94 178
12 90 76 178
72 95 11 178
50 37 92 179
84 39 56 179
73 74 32 179
50 65 64 179
93 83 3 179
84 82 13 179
10 85 84 179
54 93 32 179
93 44 42 179
76 31 72 179
98 21 60 179
32 85 62 179
86 8 85 179
94 9 76 179
97 24 59 180
97 9 74 180
43 41 96 180
55 44 81 180
70 94 16 180
65 83 32 180
80 23 77 180
84 40 56 180
66 95 19 180
11 88 81 180
51 91 38 180
63 37 80 180
97 35 48 180
73 42 65 180
66 21 94 181
44 56 81 181
74 40 67 181
52 90 39 181
74 43 64 181
72 72 37 181
65 67 49 181
98 80 3 181
65 73 43 181
4 84 93 181
96 30 55 181
58 74 50 182
28 75 79 182
14 88 80 182
98 7 77 182
89 88 5 182
50 81 51 182
73 94 15 182
86 64 32 182
84 70 28 182
65 92 25 182
63 79 41 183
23 62 98 183
70 51 62 183
31 76 76 183
54 33 96 183
56 37 90 183
91 67 25 183
94 85 4 183
93 53 37 183
88 76 19 183
62 90 31 183
33 75 75 183
86 64 34 184
29 60 95 184
43 52 89 184
74 59 51 184
25 83 76 184
88 57 39 184
17 98 69 184
96 23 65 184
15 98 71 184
93 5 86 184
21 66 97 184
53 57 75 185
39 75 71 185
10 85 90 185
78 9 98 185
70 74 41 185
66 69 50 185
29 95 61 185
76 20 89 185
66 38 81 185
93 56 36 185
85 37 64 186
84 90 12 186
51 86 49 186
90 89 7 186
68 28 90 186
49 42 95 186
37 95 54 186
61 76 49 186
91 73 23 187
52 61 74 187
82 84 21 187
81 22 84 187
97 8 82 187
45 51 91 187
39 66 82 187
84 96 7 187
80 79 28 187
47 69 71 187
22 79 86 187
73 52 63 188
91 94 3 188
14 92 82 188
4 89 95 188
88 44 56 188
42 93 53 188
86 77 25 188
83 39 66 188
10 81 97 188
70 81 37 188
64 53 71 188
75 26 87 188
81 28 79 188
86 41 62 189
29 93 67 189
86 48 55 189
62 39 88 189
69 59 61 189
75 31 83 189
74 59 56 189
65 73 51 189
87 21 81 189
93 5 91 189
75 42 72 189
35 79 75 189
48 77 64 189
23 85 81 189
89 96 4 189
55 74 61 190
70 45 75 190
51 99 40 190
51 95 44 190
50 86 54 190
12 84 94 190
78 43 69 190
61 69 60 190
77 62 51 190
95 7 88 190
70 91 29 190
65 90 35 190
43 66 81 190
51 40 99 190
67 25 98 190
90 28 73 191
43 74 74 191
72 58 61 191
35 93 63 191
15 81 95 191
85 30 76 191
64 28 99 191
93 44 55 192
64 82 46 192
34 64 94 192
55 46 91 192
47 96 49 192
13 96 83 192
13 91 88 192
91 99 2 192
73 91 29 193
81 48 64 193
34 61 98 193
28 92 73 193
43 90 60 193
73 28 92 193
81 91 21 193
84 61 48 193
46 62 86 194
38 87 69 194
78 86 30 194
48 96 50 194
25 79 90 194
84 30 80 194
69 56 69 194
49 91 54 194
83 63 48 194
78 67 49 194
23 74 97 194
32 91 71 194
85 40 69 194
30 87 77 194
75 66 54 195
32 70 93 195
44 77 74 195
34 95 66 195
70 89 36 195
85 85 25 195
82 91 22 195
49 85 61 195
78 19 99 196
91 32 73 196
72 91 33 196
73 46 77 196
21 78 97 196
96 11 89 196
87 47 62 196
47 96 53 196
68 33 96 197
85 71 41 197
70 93 34 197
29 70 98 197
42 94 61 197
85 90 22 197
71 35 91 197
26 84 87 197
59 60 78 197
54 75 68 197
82 72 44 198
97 96 5 198
78 94 26 198
23 96 79 198
70 75 53 198
96 10 92 198
94 18 86 198
94 11 93 198
46 74 78 198
49 79 71 199
65 74 60 199
95 58 46 199
33 77 89 199
57 66 76 199
99 82 18 199
81 73 45 199
88 91 20 199
57 65 77 199
54 67 78 199
88 70 42 200
86 67 47 200
41 84 75 200
51 81 68 200
91 17 92 200
40 95 65 200
65 53 82 200
98 15 87 200
72 47 81 200
77 74 49 200
80 48 73 201
31 89 81 201
88 81 32 201
30 88 83 201
97 97 7 201
34 93 74 201
61 56 84 201
80 49 72 201
93 66 42 201
7 98 96 201
34 77 91 202
49 67 86 202
69 88 45 202
81 98 23 202
74 67 61 202
68 40 94 202
40 64 98 202
91 98 13 202
50 80 73 203
50 65 88 203
43 97 63 203
56 83 64 203
24 98 81 203
80 71 52 203
79 27 97 203
95 30 79 204
96 92 16 204
93 40 71 204
93 41 70 204
66 65 73 204
83 55 66 204
58 89 57 204
68 89 47 204
85 93 26 204
63 61 80 204
47 62 95 204
99 72 33 204
86 81 37 204
79 80 46 205
99 8 98 205
45 72 88 205
93 14 98 205
59 80 66 205
87 34 84 205
57 99 49 205
37 94 75 206
50 99 57 206
70 70 66 206
75 56 75 206
82 73 51 206
38 70 98 206
66 67 73 206
88 46 73 207
61 64 82 207
84 39 84 207
79 88 40 207
29 96 82 207
56 75 76 207
23 90 94 207
67 44 96 207
99 95 13 207
87 24 96 207
47 86 74 207
53 64 91 208
81 75 52 208
85 51 72 208
62 81 65 208
82 27 99 208
91 37 80 208
80 73 55 208
24 99 85 208
39 94 75 208
51 73 84 208
91 93 24 208
72 38 98 208
79 78 51 208
55 76 78 209
54 88 67 209
96 90 23 209
97 48 65 210
44 69 97 210
67 56 87 210
59 81 70 210
96 60 54 210
88 27 95 210
57 62 92 211
93 92 26 211
79 44 88 211
69 71 71 211
60 80 71 211
93 46 72 211
93 63 55 211
88 66 57 211
90 29 92 211
93 46 72 211
94 62 56 212
83 67 62 212
93 23 96 212
50 90 72 212
77 73 62 212
58 96 59 213
83 99 31 213
51 63 99 213
99 61 53 213
78 51 84 213
33 91 89 213
92 44 78 214
65 51 98 214
72 61 81 214
45 94 75 214
96 76 42 214
90 66 58 214
81 86 47 214
40 91 83 214
59 96 59 214
70 52 93 215
25 94 96 215
90 83 42 215
58 87 70 215
99 44 72 215
36 93 86 215
24 98 93 215
83 84 48 215
83 52 80 215
51 72 92 215
98 36 82 216
79 50 87 216
91 86 39 216
93 74 49 216
70 93 53 216
77 68 71 216
90 91 35 216
99 41 76 216
43 77 96 216
67 80 70 217
77 90 50 217
85 84 48 217
72 82 63 217
62 94 61 217
86 75 56 217
89 38 90 217
94 90 33 217
61 83 73 217
73 80 64 217
51 90 76 217
63 82 73 218
97 43 78 218
61 64 93 218
92 51 75 218
86 49 83 218
82 72 64 218
73 95 51 219
72 99 48 219
88 42 89 219
92 93 34 219
73 81 65 219
66 57 97 220
43 87 90 220
64 84 72 220
89 57 74 220
89 76 55 220
68 59 93 220
28 94 98 220
65 96 59 220
55 98 67 220
88 70 63 221
26 99 96 221
95 74 52 221
46 92 83 221
54 91 77 222
61 65 96 222
45 79 98 222
99 69 54 222
65 75 82 222
97 44 81 222
89 95 38 222
95 76 51 222
64 76 83 223
90 86 47 223
72 91 60 223
63 76 84 223
84 64 75 223
90 80 53 223
77 88 58 223
75 57 91 223
43 91 89 223
42 86 96 224
56 87 81 224
84 92 48 224
58 76 90 224
74 86 65 225
48 90 87 225
71 65 89 225
95 56 74 225
62 64 99 225
91 80 55 226
63 92 71 226
88 65 73 226
85 78 63 226
81 75 70 226
59 99 69 227
35 98 94 227
82 87 58 227
97 99 31 227
64 76 87 227
86 61 80 227
63 85 79 227
98 57 73 228
61 75 92 228
80 50 98 228
65 86 78 229
97 49 83 229
40 91 98 229
94 85 51 230
67 70 93 230
93 38 99 230
90 46 95 231
80 75 76 231
99 33 99 231
87 73 71 231
82 94 55 231
82 51 98 231
96 85 50 231
73 78 80 231
80 81 70 231
46 90 96 232
93 90 49 232
41 95 96 232
57 99 77 233
83 72 78 233
84 85 64 233
87 85 61 233
93 98 42 233
96 72 66 234
69 72 93 234
61 95 78 234
72 85 78 235
76 87 72 235
89 66 80 235
84 85 66 235
90 71 75 236
57 88 91 236
74 94 68 236
85 72 79 236
56 88 92 236
76 84 76 236
65 80 91 236
85 60 91 236
53 88 95 236
93 96 48 237
71 72 94 237
95 55 87 237
87 88 62 237
91 77 70 238
92 99 47 238
74 96 68 238
89 57 92 238
77 62 99 238
88 54 96 238
71 93 75 239
74 83 82 239
47 94 98 239
96 64 79 239
75 96 68 239
94 87 59 240
83 66 91 240
99 82 59 240
75 84 81 240
75 94 71 240
76 86 79 241
62 89 91 242
75 97 70 242
96 69 77 242
69 99 75 243
85 64 94 243
79 91 73 243
55 95 94 244
68 94 82 244
56 95 93 244
82 90 73 245
72 76 98 246
72 93 81 246
75 93 79 247
83 70 94 247
93 62 93 248
76 91 81 248
76 79 94 249
90 84 75 249
76 81 92 249
54 99 97 250
84 84 83 251
87 94 70 251
85 74 92 251
88 95 69 252
95 90 67 252
72 93 87 252
99 60 94 253
83 87 84 254
84 87 83 254
94 89 72 255
91 70 94 255
93 74 88 255
79 87 89 255
84 91 82 257
77 96 85 258
75 91 92 258
96 95 67 258
83 97 78 258
97 91 71 259
91 75 94 260
88 76 97 261
98 86 77 261
68 98 96 262
85 88 89 262
82 86 94 262
78 96 88 262
83 99 81 263
94 95 74 263
68 99 97 264
98 75 91 264
79 94 92 265
93 75 97 265
99 99 67 265
93 84 89 266
95 91 81 267
98 79 91 268
88 99 82 269
90 98 82 270
82 92 96 270
93 85 93 271
87 97 92 276
94 99 85 278
87 97 95 279
89 94 99 282
0.490070 seconds