10 12 13 35
10 34 24 68
17 37 14 68
38 11 24 73
18 42 18 78
56 25 1 82
53 23 9 85
20 63 3 86
3 40 44 87
34 41 13 88
58 21 13 92
33 22 40 95
54 15 27 96
42 43 14 99
46 42 14 102
17 33 55 105
91 10 8 109
58 23 28 109
51 20 41 112
91 3 21 115
57 17 42 116
48 37 31 116
80 30 7 117
19 84 14 117
4 69 46 119
8 49 63 120
43 59 18 120
95 15 12 122
32 41 52 125
65 52 8 125
13 87 25 125
75 23 28 126
1 57 73 131
67 59 6 132
66 37 29 132
83 46 4 133
63 27 43 133
46 14 75 135
41 78 17 136
76 19 43 138
19 52 68 139
35 17 88 140
42 63 36 141
49 34 59 142
33 94 18 145
48 51 48 147
66 71 10 147
15 72 62 149
34 26 91 151
94 54 4 152
54 43 55 152
65 59 29 153
61 85 8 154
47 8 99 154
47 58 54 159
70 46 44 160
44 88 28 160
6 86 69 161
44 68 50 162
12 53 97 162
24 80 58 162
63 78 23 164
34 42 92 168
43 63 62 168
61 20 88 169
75 70 26 171
50 52 71 173
48 41 84 173
44 73 58 175
37 62 77 176
3 87 87 177
10 73 96 179
45 71 64 180
7 76 99 182
69 61 52 182
71 97 17 185
64 31 92 187
93 30 66 189
83 44 62 189
18 86 86 190
88 70 33 191
96 53 44 193
60 41 93 194
45 97 52 194
41 88 66 195
50 71 75 196
97 28 74 199
83 54 64 201
49 73 82 204
73 48 85 206
48 84 79 211
73 85 54 212
44 83 85 212
97 61 61 219
64 66 90 220
96 94 31 221
89 44 96 229
47 98 85 230
82 71 82 235
91 72 95 258
Sorting time: 0.000712 seconds