3 11 9 23
30 2 21 53
40 4 13 57
17 33 9 59
5 17 45 67
11 36 26 73
33 4 36 73
9 7 57 73
7 36 37 80
34 30 18 82
60 24 4 88
32 11 48 91
14 10 72 96
12 86 1 99
13 25 62 100
8 18 77 103
29 15 62 106
85 7 16 108
24 52 33 109
73 11 26 110
12 19 79 110
41 61 10 112
30 21 62 113
56 14 48 118
74 18 26 118
55 18 46 119
17 55 48 120
37 58 25 120
56 25 40 121
67 58 1 126
62 32 32 126
41 52 36 129
12 56 61 129
89 5 37 131
72 27 34 133
65 65 3 133
28 85 20 133
33 61 40 134
28 63 44 135
28 12 96 136
22 27 90 139
58 1 80 139
7 62 71 140
98 30 14 142
30 68 45 143
57 9 78 144
32 91 23 146
78 28 40 146
34 76 36 146
22 93 33 148
67 70 12 149
40 71 39 150
64 65 27 156
3 75 80 158
79 4 76 159
32 51 80 163
83 78 3 164
94 42 29 165
91 27 48 166
36 90 41 167
99 46 22 167
58 43 68 169
64 39 68 171
9 81 82 172
61 79 32 172
92 77 3 172
58 68 50 176
65 61 51 177
84 67 27 178
97 65 16 178
70 97 13 180
81 45 56 182
78 64 41 183
74 51 61 186
90 69 29 188
26 77 85 188
73 63 54 190
44 83 64 191
55 83 54 192
87 29 78 194
2 98 95 195
97 60 44 201
90 92 19 201
65 92 47 204
78 44 83 205
86 36 83 205
75 92 38 205
68 45 92 205
89 61 57 207
40 85 84 209
91 36 94 221
53 82 87 222
66 63 96 225
96 78 55 229
81 61 91 233
87 52 95 234
91 61 90 242
97 83 69 249
97 97 56 250
78 96 92 266
Sorting time: 0.000161 seconds