6 1 3 10
4 5 2 11
8 2 3 13
8 2 4 14
4 3 10 17
1 2 15 18
2 3 15 20
13 4 3 20
1 1 18 20
17 4 1 22
10 10 2 22
8 5 10 23
7 12 4 23
3 18 4 25
2 9 14 25
18 7 1 26
8 9 9 26
3 17 6 26
10 9 7 26
5 3 19 27
14 2 12 28
10 13 5 28
4 17 8 29
3 12 14 29
21 2 6 29
10 8 11 29
13 5 11 29
7 9 14 30
7 20 4 31
23 5 4 32
13 17 2 32
2 18 12 32
5 16 12 33
4 26 3 33
10 10 13 33
3 17 13 33
8 7 19 34
2 30 2 34
16 10 9 35
25 4 6 35
3 12 20 35
1 23 11 35
19 3 13 35
14 7 15 36
21 8 7 36
3 17 16 36
5 12 20 37
3 2 32 37
11 12 14 37
9 22 6 37
4 23 10 37
19 4 14 37
7 8 22 37
3 22 12 37
16 5 17 38
27 6 5 38
1 13 25 39
10 13 16 39
23 11 5 39
36 2 1 39
12 1 26 39
1 32 6 39
20 11 9 40
17 21 2 40
13 24 3 40
14 3 23 40
2 15 23 40
4 2 35 41
5 12 24 41
7 5 29 41
35 1 5 41
2 13 26 41
20 1 20 41
10 11 20 41
7 3 31 41
22 13 6 41
4 13 25 42
34 7 1 42
6 32 4 42
13 17 12 42
17 2 23 42
35 4 3 42
25 1 17 43
1 7 35 43
20 5 18 43
4 18 21 43
31 2 10 43
2 12 30 44
13 20 11 44
20 16 8 44
36 5 3 44
20 1 23 44
22 13 9 44
4 6 35 45
10 6 29 45
15 6 24 45
24 19 2 45
5 1 39 45
5 4 36 45
17 20 8 45
14 1 30 45
23 7 15 45
5 15 25 45
13 2 31 46
18 24 4 46
7 2 37 46
14 27 5 46
21 24 1 46
20 20 7 47
17 12 18 47
15 4 28 47
22 3 22 47
16 18 13 47
33 4 10 47
9 30 8 47
34 1 12 47
4 22 21 47
36 5 7 48
27 11 10 48
28 14 6 48
6 6 36 48
25 17 6 48
7 25 17 49
26 20 3 49
3 16 30 49
5 12 32 49
14 21 15 50
12 7 31 50
46 2 2 50
20 9 21 50
7 32 11 50
9 19 22 50
8 35 7 50
5 28 18 51
7 5 39 51
8 37 6 51
37 4 11 52
5 25 22 52
21 23 8 52
11 24 17 52
5 33 14 52
25 24 3 52
14 10 28 52
5 32 15 52
36 2 14 52
38 11 3 52
8 16 28 52
24 7 21 52
33 10 10 53
14 20 19 53
6 40 7 53
33 3 18 54
3 11 40 54
1 43 10 54
32 8 14 54
22 20 12 54
40 13 1 54
24 7 23 54
45 8 2 55
30 22 3 55
30 23 2 55
10 18 27 55
36 18 1 55
16 9 30 55
16 12 27 55
15 21 19 55
21 14 20 55
5 39 11 55
19 34 3 56
12 42 2 56
2 18 36 56
36 12 8 56
28 6 22 56
10 40 6 56
50 2 4 56
5 49 3 57
24 9 24 57
51 5 1 57
18 21 18 57
8 39 10 57
16 15 26 57
3 45 9 57
35 19 3 57
3 13 41 57
18 15 24 57
16 15 26 57
15 6 36 57
1 18 39 58
18 16 24 58
31 10 17 58
36 14 8 58
14 5 39 58
36 9 13 58
22 26 10 58
44 12 2 58
27 3 29 59
6 49 4 59
15 1 43 59
1 7 51 59
22 20 17 59
7 1 51 59
42 9 8 59
8 34 17 59
42 12 5 59
3 33 23 59
36 22 1 59
50 3 6 59
23 33 3 59
44 2 13 59
26 7 27 60
18 29 13 60
32 19 9 60
4 28 28 60
15 35 10 60
24 10 26 60
46 3 11 60
13 4 43 60
48 6 6 60
40 7 13 60
25 19 16 60
8 22 31 61
30 12 19 61
18 28 15 61
19 21 21 61
8 48 5 61
4 35 22 61
28 25 8 61
30 9 23 62
1 50 11 62
16 19 27 62
6 40 16 62
4 43 15 62
30 25 7 62
23 19 20 62
33 7 22 62
16 41 5 62
16 26 20 62
3 17 42 62
31 1 30 62
4 47 11 62
31 9 22 62
33 13 17 63
32 25 6 63
20 5 38 63
23 7 33 63
7 32 24 63
13 6 45 64
23 36 5 64
59 1 4 64
25 35 4 64
27 29 8 64
7 50 7 64
48 8 8 64
39 18 7 64
8 27 29 64
4 27 33 64
27 34 3 64
5 28 31 64
18 17 29 64
39 7 18 64
16 47 1 64
28 15 21 64
2 56 6 64
19 29 16 64
16 15 34 65
14 19 32 65
1 41 23 65
43 16 6 65
28 12 25 65
8 2 55 65
51 13 1 65
11 1 53 65
9 25 31 65
19 17 29 65
9 37 19 65
41 2 22 65
27 22 16 65
42 15 8 65
23 30 13 66
4 55 7 66
56 1 9 66
12 41 13 66
4 43 19 66
24 10 32 66
45 9 12 66
4 16 46 66
12 14 40 66
24 12 30 66
10 41 15 66
11 40 15 66
5 30 31 66
20 42 4 66
19 15 32 66
6 16 44 66
53 10 3 66
19 4 43 66
7 7 53 67
20 36 11 67
11 4 52 67
26 39 2 67
11 21 35 67
22 2 43 67
19 31 17 67
12 39 16 67
20 23 24 67
8 55 4 67
6 18 43 67
16 35 16 67
38 22 7 67
32 27 8 67
3 49 15 67
20 43 4 67
10 37 20 67
8 32 28 68
22 8 38 68
42 8 18 68
40 21 7 68
7 53 8 68
26 34 8 68
17 13 38 68
25 23 20 68
44 23 1 68
30 28 11 69
7 21 41 69
4 44 21 69
36 19 14 69
59 4 6 69
20 7 42 69
26 10 33 69
31 23 15 69
5 35 29 69
14 24 31 69
5 10 54 69
36 23 10 69
35 27 7 69
34 11 24 69
2 20 47 69
42 24 4 70
52 15 3 70
15 21 34 70
33 9 28 70
39 18 13 70
23 28 19 70
4 9 57 70
44 10 16 70
38 30 2 70
26 26 18 70
4 25 41 70
30 20 20 70
35 12 23 70
30 40 1 71
50 17 4 71
7 25 39 71
31 32 8 71
21 29 21 71
8 18 45 71
10 45 16 71
6 2 63 71
50 12 9 71
23 24 24 71
15 16 40 71
15 22 34 71
9 7 55 71
30 31 10 71
15 18 38 71
4 29 38 71
34 33 4 71
7 13 51 71
43 24 4 71
3 12 56 71
46 4 22 72
32 17 23 72
31 26 15 72
12 49 11 72
13 42 17 72
26 15 31 72
34 21 17 72
38 14 20 72
7 57 8 72
19 16 37 72
19 36 17 72
51 4 17 72
5 50 17 72
11 55 7 73
38 11 24 73
18 18 37 73
10 12 51 73
49 10 14 73
51 14 8 73
24 34 15 73
63 3 7 73
33 14 26 73
1 69 3 73
66 1 6 73
15 36 22 73
36 30 7 73
34 36 3 73
15 5 53 73
2 3 69 74
22 22 30 74
53 13 8 74
14 23 37 74
36 25 13 74
42 2 30 74
22 31 21 74
29 2 43 74
48 13 13 74
15 33 26 74
28 30 16 74
50 16 8 74
51 12 11 74
40 21 13 74
11 33 31 75
4 63 8 75
20 18 37 75
10 41 24 75
53 7 15 75
25 22 28 75
17 28 30 75
33 8 34 75
29 34 12 75
51 22 2 75
2 4 69 75
21 43 11 75
14 45 16 75
50 20 5 75
33 34 9 76
61 1 14 76
50 10 16 76
17 6 53 76
45 29 2 76
8 8 60 76
1 40 35 76
36 16 24 76
50 21 5 76
4 15 57 76
18 53 5 76
12 10 54 76
22 27 27 76
54 3 19 76
20 17 40 77
9 59 9 77
5 42 30 77
47 29 1 77
15 50 12 77
44 7 26 77
16 42 19 77
1 60 16 77
2 3 72 77
3 53 21 77
70 6 1 77
7 38 32 77
47 1 29 77
12 58 7 77
9 19 50 78
28 45 5 78
5 19 54 78
18 46 14 78
57 15 6 78
10 43 25 78
32 45 1 78
16 40 22 78
23 38 17 78
12 53 13 78
61 13 4 78
48 19 11 78
16 48 14 78
12 5 61 78
4 44 30 78
6 43 29 78
33 15 30 78
4 11 64 79
53 13 13 79
40 24 15 79
5 30 44 79
35 17 27 79
62 14 3 79
9 67 3 79
8 11 60 79
48 6 25 79
52 19 8 79
1 14 64 79
13 53 13 79
11 50 18 79
74 2 3 79
37 32 10 79
37 12 30 79
28 30 21 79
17 3 59 79
10 17 52 79
10 39 30 79
49 4 26 79
57 5 17 79
9 50 20 79
15 55 9 79
12 61 6 79
2 5 73 80
9 53 18 80
1 77 2 80
8 68 4 80
32 19 29 80
33 45 2 80
37 38 5 80
32 37 11 80
22 43 15 80
36 34 10 80
56 7 17 80
16 2 62 80
19 51 10 80
11 32 37 80
8 29 43 80
33 20 27 80
15 64 1 80
26 13 41 80
42 16 22 80
1 52 27 80
38 23 19 80
21 15 44 80
23 53 4 80
45 9 26 80
25 1 54 80
51 24 5 80
12 40 28 80
64 3 13 80
63 4 13 80
18 51 11 80
10 67 3 80
6 24 51 81
40 7 34 81
14 38 29 81
22 52 7 81
4 10 67 81
2 40 39 81
27 25 29 81
3 72 6 81
27 43 11 81
7 62 12 81
18 58 5 81
6 31 44 81
4 30 47 81
31 8 42 81
6 2 73 81
3 1 77 81
4 21 57 82
29 13 40 82
40 15 27 82
26 8 48 82
29 47 6 82
17 17 48 82
58 7 17 82
6 69 7 82
15 32 35 82
18 7 57 82
45 13 25 83
3 63 17 83
23 56 4 83
24 24 35 83
1 13 69 83
18 6 59 83
19 16 48 83
5 45 33 83
12 59 12 83
14 35 34 83
4 67 12 83
69 8 6 83
8 29 46 83
78 2 3 83
5 71 8 84
58 9 17 84
22 37 25 84
55 3 26 84
44 28 12 84
46 35 3 84
26 6 52 84
1 48 35 84
21 62 1 84
47 18 19 84
44 9 31 84
42 29 13 84
6 52 26 84
56 15 13 84
3 75 6 84
16 22 46 84
69 5 10 84
29 2 53 84
30 11 43 84
2 74 8 84
11 41 32 84
55 5 25 85
33 39 13 85
3 54 28 85
6 43 36 85
11 25 49 85
11 46 28 85
26 52 7 85
15 58 12 85
15 21 49 85
9 33 43 85
15 9 61 85
9 66 10 85
39 21 25 85
63 17 5 85
30 48 7 85
16 2 67 85
45 23 17 85
69 6 10 85
59 24 2 85
3 55 27 85
30 23 33 86
34 2 50 86
23 48 15 86
37 6 43 86
19 48 19 86
51 30 5 86
35 11 40 86
37 43 6 86
11 51 24 86
10 32 44 86
3 6 77 86
1 58 27 86
29 16 41 86
5 1 80 86
20 49 17 86
46 25 15 86
8 5 73 86
8 67 11 86
31 32 23 86
19 61 6 86
35 18 33 86
34 8 44 86
74 10 2 86
27 12 47 86
44 8 34 86
27 27 33 87
19 9 59 87
14 1 72 87
55 31 1 87
12 60 15 87
4 6 77 87
21 6 60 87
12 30 45 87
21 35 31 87
64 7 16 87
11 17 59 87
2 73 12 87
11 24 52 87
28 17 42 87
45 39 3 87
24 47 16 87
20 35 32 87
35 38 14 87
16 33 38 87
27 1 59 87
27 16 44 87
2 55 30 87
11 7 69 87
23 11 53 87
20 44 23 87
23 53 11 87
33 33 21 87
15 10 62 87
3 13 72 88
11 67 10 88
33 40 15 88
75 10 3 88
6 59 23 88
33 45 10 88
39 46 3 88
6 44 38 88
9 47 32 88
22 60 6 88
44 20 24 88
41 1 46 88
5 74 9 88
50 34 4 88
13 23 52 88
34 18 36 88
78 8 2 88
43 15 30 88
19 42 27 88
26 30 32 88
8 23 57 88
10 73 5 88
5 10 73 88
17 43 28 88
43 29 16 88
62 6 20 88
5 23 60 88
65 5 18 88
3 11 74 88
5 9 74 88
16 8 64 88
24 38 26 88
32 30 26 88
25 29 35 89
29 52 8 89
75 13 1 89
20 67 2 89
68 7 14 89
64 3 22 89
58 16 15 89
64 22 3 89
31 12 46 89
60 24 5 89
62 1 26 89
20 21 48 89
13 60 16 89
17 51 21 89
66 9 14 89
17 63 9 89
33 36 20 89
3 36 50 89
66 18 5 89
38 29 22 89
52 25 12 89
25 15 49 89
11 11 67 89
5 54 30 89
50 28 11 89
39 47 3 89
6 21 62 89
10 44 35 89
24 61 4 89
54 19 16 89
21 15 53 89
2 47 40 89
37 48 4 89
1 46 42 89
14 56 20 90
30 37 23 90
73 3 14 90
4 26 60 90
16 16 58 90
13 67 10 90
12 17 61 90
52 33 5 90
20 42 28 90
37 24 29 90
6 11 73 90
48 16 26 90
62 18 10 90
6 3 81 90
52 26 12 90
20 37 33 90
50 19 21 90
12 54 24 90
18 46 26 90
2 53 35 90
17 26 47 90
34 49 7 90
63 21 6 90
20 13 57 90
57 28 5 90
41 43 6 90
2 82 6 90
10 70 11 91
60 17 14 91
25 17 49 91
55 4 32 91
11 4 76 91
35 20 36 91
43 37 11 91
84 5 2 91
39 16 36 91
39 29 23 91
55 33 3 91
49 30 12 91
14 51 26 91
7 24 60 91
10 57 24 91
36 49 6 91
80 2 9 91
75 10 6 91
83 5 3 91
36 52 3 91
38 39 14 91
43 21 27 91
5 35 51 91
7 42 42 91
62 6 23 91
25 22 44 91
29 24 38 91
3 14 74 91
73 4 14 91
10 80 2 92
28 27 37 92
56 35 1 92
26 12 54 92
26 2 64 92
52 23 17 92
40 6 46 92
69 22 1 92
51 18 23 92
27 54 11 92
47 4 41 92
1 63 28 92
55 35 2 92
28 5 59 92
12 26 54 92
87 3 2 92
22 5 65 92
10 72 10 92
32 58 2 92
12 16 64 92
47 11 34 92
19 12 61 92
39 19 34 92
55 14 23 92
81 8 4 93
12 27 54 93
70 21 2 93
16 49 28 93
63 20 10 93
33 49 11 93
32 13 48 93
26 42 25 93
25 15 53 93
48 32 13 93
60 6 27 93
34 8 51 93
58 2 33 93
62 12 19 93
23 38 32 93
37 36 20 93
64 8 21 93
62 23 8 93
28 7 58 93
35 12 46 93
3 72 18 93
2 88 3 93
16 49 28 93
42 30 21 93
63 8 22 93
41 44 8 93
22 70 1 93
27 31 36 94
13 16 65 94
23 29 42 94
32 16 46 94
36 3 55 94
50 20 24 94
14 25 55 94
18 54 22 94
19 13 62 94
56 14 24 94
30 2 62 94
27 8 59 94
56 21 17 94
54 23 17 94
43 50 1 94
30 49 15 94
40 53 1 94
63 24 7 94
46 1 47 94
45 39 10 94
60 16 18 94
8 8 78 94
2 14 78 94
36 1 57 94
1 38 55 94
20 37 37 94
19 30 45 94
15 6 73 94
25 14 55 94
60 13 21 94
77 17 1 95
64 30 1 95
38 16 41 95
5 68 22 95
17 41 37 95
11 65 19 95
40 25 30 95
32 46 17 95
59 27 9 95
33 16 46 95
39 51 5 95
1 36 58 95
32 32 31 95
34 33 28 95
12 57 26 95
48 6 41 95
29 23 43 95
22 51 22 95
1 67 27 95
41 8 46 95
52 1 42 95
60 26 9 95
61 15 19 95
26 29 40 95
76 18 1 95
50 7 38 95
52 16 27 95
25 18 52 95
60 25 10 95
39 35 22 96
40 40 16 96
76 14 6 96
10 72 14 96
3 5 88 96
16 21 59 96
56 39 1 96
5 29 62 96
17 16 63 96
56 15 25 96
13 78 5 96
13 76 7 96
49 14 33 96
3 23 70 96
39 32 25 96
25 68 3 96
27 11 58 96
47 32 17 96
22 50 24 96
6 52 38 96
72 17 7 96
23 4 69 96
46 37 13 96
32 5 59 96
16 24 57 97
4 19 74 97
21 35 41 97
32 12 53 97
7 69 21 97
20 70 7 97
15 57 25 97
41 38 18 97
41 12 44 97
58 15 24 97
61 24 12 97
56 19 22 97
2 93 2 97
54 7 36 97
9 51 37 97
2 3 92 97
61 20 16 97
18 13 66 97
86 4 7 97
26 66 5 97
7 60 30 97
16 11 70 97
26 1 70 97
2 89 6 97
50 39 8 97
71 11 15 97
72 5 20 97
12 39 46 97
19 67 11 97
64 18 15 97
34 6 57 97
76 3 18 97
13 53 32 98
27 39 32 98
39 10 49 98
21 54 23 98
65 25 8 98
47 17 34 98
39 53 6 98
24 18 56 98
3 44 51 98
3 81 14 98
4 54 40 98
9 34 55 98
26 14 58 98
37 46 15 98
1 86 11 98
74 14 10 98
86 11 1 98
8 46 44 98
53 15 30 98
71 14 13 98
29 19 50 98
13 63 22 98
14 28 56 98
11 85 2 98
23 65 10 98
23 68 7 98
29 7 62 98
82 2 14 98
5 78 15 98
20 45 33 98
34 50 14 98
27 26 45 98
33 17 49 99
60 19 20 99
9 12 78 99
62 21 16 99
38 22 39 99
18 67 14 99
59 15 25 99
5 90 4 99
45 36 18 99
1 59 39 99
26 37 36 99
12 75 12 99
25 14 60 99
16 63 20 99
36 49 14 99
26 27 46 99
4 78 17 99
11 8 80 99
47 46 6 99
22 9 68 99
45 46 8 99
54 31 14 99
7 66 26 99
7 62 30 99
73 23 3 99
33 11 55 99
45 17 37 99
12 52 35 99
63 28 8 99
22 25 52 99
20 76 4 100
68 28 4 100
4 95 1 100
63 19 18 100
21 71 8 100
31 50 19 100
49 46 5 100
28 47 25 100
68 5 27 100
27 26 47 100
21 21 58 100
3 1 96 100
70 29 1 100
22 50 28 100
2 82 16 100
59 32 9 100
9 45 46 100
1 79 20 100
85 12 3 100
1 94 5 100
38 23 39 100
18 57 25 100
13 66 21 100
66 4 30 100
1 52 47 100
8 26 66 100
26 14 60 100
2 69 29 100
48 25 28 101
63 20 18 101
9 60 32 101
11 48 42 101
3 12 86 101
67 14 20 101
24 37 40 101
27 33 41 101
1 97 3 101
15 71 15 101
19 18 64 101
62 13 26 101
72 11 18 101
92 4 5 101
34 24 43 101
23 68 10 101
2 65 34 101
12 86 3 101
45 36 20 101
27 67 7 101
39 11 51 101
63 34 4 101
27 39 35 101
36 17 48 101
28 59 14 101
39 7 55 101
10 87 5 102
2 42 58 102
52 23 27 102
84 10 8 102
87 7 8 102
39 25 38 102
1 15 86 102
45 6 51 102
11 65 26 102
22 29 51 102
52 19 31 102
5 58 39 102
9 65 28 102
10 56 36 102
24 67 11 102
37 26 39 102
7 3 92 102
23 47 32 102
68 24 10 102
86 8 8 102
32 30 40 102
8 1 93 102
28 58 16 102
5 22 75 102
91 5 6 102
33 10 59 102
38 3 61 102
73 4 25 102
4 41 57 102
38 33 31 102
53 43 6 102
23 78 1 102
19 62 21 102
81 16 5 102
37 41 25 103
14 47 42 103
13 74 16 103
91 2 10 103
14 62 27 103
64 4 35 103
44 43 16 103
38 18 47 103
37 53 13 103
63 23 17 103
91 5 7 103
76 14 13 103
8 94 1 103
3 47 53 103
42 8 53 103
18 55 30 103
5 34 64 103
63 27 13 103
52 21 30 103
4 5 94 103
66 9 28 103
22 2 80 104
43 2 59 104
62 29 13 104
32 45 27 104
3 10 91 104
3 96 5 104
85 13 6 104
74 21 9 104
62 1 41 104
85 1 18 104
31 24 49 104
39 45 20 104
57 21 26 104
50 13 41 104
56 22 26 104
59 24 21 104
59 17 28 104
5 58 41 104
22 77 5 104
41 11 52 104
50 13 41 104
66 8 30 104
63 6 35 104
43 27 34 104
80 5 19 104
43 2 59 104
4 98 2 104
15 32 58 105
33 68 4 105
5 68 32 105
28 18 59 105
78 10 17 105
12 45 48 105
74 4 27 105
1 96 8 105
33 38 34 105
30 61 14 105
73 2 30 105
62 14 29 105
17 49 39 105
28 7 70 105
20 8 77 105
85 10 10 105
34 16 55 105
58 36 11 105
30 17 58 105
22 67 16 105
6 24 75 105
74 13 18 105
20 19 66 105
25 54 26 105
63 9 33 105
53 15 37 105
5 78 22 105
62 24 19 105
40 41 24 105
45 54 6 105
29 25 51 105
25 50 30 105
10 16 79 105
49 9 47 105
36 36 34 106
9 84 13 106
50 4 52 106
15 46 45 106
39 34 33 106
87 13 6 106
28 77 1 106
35 39 32 106
47 40 19 106
6 3 97 106
1 62 43 106
10 72 24 106
47 33 26 106
9 87 10 106
20 57 29 106
55 8 43 106
12 7 87 106
6 97 3 106
25 55 26 106
9 17 80 106
35 57 14 106
97 4 5 106
35 6 65 106
97 5 4 106
59 5 42 106
64 35 7 106
2 34 70 106
17 4 85 106
54 38 14 106
66 33 7 106
13 41 52 106
80 20 7 107
72 34 1 107
56 24 27 107
74 4 29 107
59 47 1 107
68 23 16 107
51 31 25 107
8 90 9 107
69 6 32 107
28 59 20 107
61 27 19 107
45 61 1 107
64 38 5 107
82 6 19 107
17 33 57 107
66 26 15 107
6 25 76 107
5 46 56 107
10 15 82 107
12 10 85 107
15 62 30 107
21 55 31 107
48 27 32 107
50 45 12 107
37 41 29 107
2 97 8 107
2 66 39 107
6 2 99 107
5 98 4 107
4 67 36 107
26 62 19 107
67 2 38 107
56 4 47 107
26 9 72 107
47 21 39 107
32 5 70 107
46 47 15 108
52 21 35 108
38 17 53 108
15 38 55 108
51 26 31 108
26 50 32 108
61 18 29 108
90 15 3 108
31 32 45 108
72 29 7 108
70 23 15 108
15 34 59 108
7 70 31 108
20 74 14 108
88 8 12 108
50 41 17 108
18 47 43 108
57 32 19 108
41 24 43 108
47 38 23 108
58 28 22 108
6 9 93 108
6 52 50 108
27 2 79 108
35 48 25 108
19 13 76 108
37 64 7 108
25 55 28 108
49 15 44 108
86 16 6 108
20 80 8 108
25 58 25 108
1 75 32 108
32 64 12 108
2 58 48 108
25 4 79 108
27 7 74 108
42 58 8 108
9 6 93 108
52 36 20 108
33 40 35 108
36 67 5 108
40 7 61 108
83 17 8 108
8 74 26 108
38 69 1 108
77 22 9 108
20 27 62 109
54 48 7 109
53 35 21 109
41 24 44 109
42 7 60 109
28 70 11 109
95 2 12 109
18 89 2 109
7 22 80 109
6 52 51 109
78 23 8 109
68 8 33 109
59 35 15 109
7 45 57 109
68 28 13 109
4 32 73 109
86 2 21 109
2 21 86 109
94 14 1 109
7 97 5 109
8 84 17 109
65 31 13 109
9 1 99 109
16 41 52 109
87 20 2 109
10 6 93 109
80 9 20 109
12 5 92 109
3 76 30 109
37 26 46 109
40 9 61 110
49 8 53 110
61 19 30 110
58 8 44 110
59 21 30 110
34 51 25 110
11 21 78 110
18 75 17 110
61 40 9 110
60 11 39 110
37 18 55 110
71 36 3 110
18 87 5 110
23 53 34 110
52 2 56 110
44 29 37 110
78 3 29 110
65 12 33 110
83 20 7 110
4 58 48 110
33 49 28 110
2 71 37 110
82 16 12 110
86 15 9 110
24 52 34 110
7 45 58 110
67 39 4 110
33 72 5 110
10 87 13 110
37 6 67 110
19 24 67 110
48 40 22 110
1 68 41 110
67 5 38 110
10 73 27 110
3 77 30 110
90 18 2 110
9 42 59 110
39 35 37 111
4 83 24 111
86 23 2 111
65 3 43 111
66 37 8 111
21 8 82 111
63 24 24 111
21 29 61 111
21 49 41 111
55 38 18 111
6 54 51 111
49 6 56 111
71 19 21 111
44 8 59 111
32 46 33 111
25 74 12 111
11 27 73 111
22 78 11 111
11 26 74 111
83 1 27 111
68 8 35 111
52 57 2 111
22 18 71 111
31 13 67 111
31 78 2 111
22 23 66 111
43 58 10 111
63 20 28 111
59 41 11 111
4 43 64 111
55 31 25 111
28 75 8 111
9 30 72 111
34 71 6 111
47 17 47 111
70 10 32 112
46 34 32 112
44 38 30 112
16 67 29 112
10 33 69 112
3 60 49 112
39 49 24 112
15 23 74 112
36 48 28 112
17 5 90 112
12 86 14 112
15 91 6 112
55 55 2 112
23 55 34 112
62 13 37 112
10 39 63 112
50 50 12 112
56 25 31 112
96 7 9 112
33 26 53 112
33 72 7 112
11 93 8 112
98 1 13 112
71 8 33 112
13 97 2 112
32 58 22 112
7 56 49 112
31 21 60 112
31 16 65 112
30 37 45 112
14 60 38 112
8 70 34 112
39 49 24 112
46 3 63 112
32 8 72 112
31 75 7 113
47 39 27 113
46 14 53 113
69 33 11 113
26 75 12 113
60 5 48 113
36 6 71 113
72 4 37 113
29 26 58 113
21 83 9 113
5 27 81 113
10 14 89 113
38 14 61 113
45 7 61 113
43 2 68 113
30 54 29 113
15 37 61 113
4 41 68 113
43 50 20 113
2 40 71 113
19 66 28 113
35 10 68 113
48 64 1 113
15 14 84 113
22 35 56 113
43 25 45 113
17 25 71 113
26 76 11 113
57 55 1 113
53 36 24 113
78 25 10 113
39 9 65 113
53 2 58 113
51 12 50 113
24 10 79 113
81 4 28 113
39 45 30 114
3 33 78 114
47 3 64 114
27 71 16 114
55 50 9 114
20 84 10 114
59 35 20 114
71 2 41 114
50 41 23 114
17 35 62 114
44 26 44 114
69 2 43 114
80 21 13 114
40 58 16 114
10 12 92 114
86 15 13 114
70 24 20 114
16 34 64 114
48 5 61 114
9 48 57 114
34 63 17 114
80 11 23 114
76 37 1 114
43 64 7 114
28 77 9 114
36 6 72 114
48 40 26 114
3 85 26 114
51 9 54 114
28 12 74 114
15 27 72 114
49 47 18 114
5 56 53 114
22 1 91 114
35 53 27 115
10 71 34 115
45 5 65 115
85 20 10 115
20 80 15 115
22 59 34 115
15 25 75 115
7 23 85 115
48 3 64 115
4 62 49 115
30 74 11 115
38 27 50 115
21 11 83 115
13 8 94 115
13 46 56 115
59 26 30 115
49 64 2 115
59 47 9 115
13 65 37 115
63 49 3 115
38 74 3 115
32 8 75 115
29 9 77 115
15 4 96 115
27 79 9 115
79 5 31 115
29 9 77 115
40 73 2 115
9 74 32 115
19 89 7 115
65 49 1 115
57 10 48 115
13 19 83 115
52 56 7 115
28 81 6 115
88 8 19 115
64 1 50 115
36 69 10 115
27 22 66 115
3 58 54 115
19 16 80 115
13 91 11 115
9 19 87 115
18 38 59 115
53 12 50 115
49 10 56 115
74 12 30 116
42 35 39 116
57 5 54 116
31 47 38 116
50 8 58 116
51 11 54 116
39 18 59 116
56 41 19 116
29 24 63 116
18 9 89 116
58 2 56 116
24 44 48 116
48 16 52 116
12 51 53 116
46 64 6 116
31 71 14 116
7 82 27 116
68 42 6 116
15 73 28 116
4 82 30 116
40 52 24 116
38 46 32 116
59 28 29 116
9 65 42 116
64 7 45 116
53 16 47 116
34 4 78 116
4 22 90 116
20 84 12 116
70 15 31 116
29 80 7 116
71 43 2 116
30 29 57 116
13 86 17 116
27 15 74 116
19 34 63 116
71 17 28 116
9 45 62 116
18 21 77 116
32 15 69 116
59 35 22 116
49 24 43 116
74 4 38 116
9 92 15 116
27 71 19 117
87 10 20 117
62 15 40 117
43 36 38 117
76 34 7 117
63 4 50 117
26 26 65 117
31 13 73 117
26 19 72 117
22 53 42 117
14 50 53 117
30 10 77 117
47 68 2 117
83 4 30 117
28 24 65 117
54 15 48 117
28 47 42 117
17 71 29 117
37 3 77 117
54 55 8 117
18 9 90 117
3 22 92 117
43 32 42 117
57 15 45 117
56 44 17 117
62 9 46 117
35 41 41 117
53 40 24 117
9 21 87 117
27 20 70 117
2 45 70 117
26 29 62 117
43 54 21 118
37 66 15 118
25 91 2 118
46 27 45 118
66 44 8 118
14 61 43 118
3 93 22 118
19 85 14 118
7 38 73 118
29 57 32 118
69 46 3 118
62 9 47 118
24 23 71 118
46 7 65 118
53 11 54 118
47 67 4 118
77 37 4 118
18 22 78 118
71 9 38 118
38 36 44 118
52 20 46 118
54 39 25 118
11 53 54 118
5 76 37 118
15 51 52 118
71 15 32 118
49 49 20 118
45 33 40 118
4 68 46 118
56 19 43 118
27 7 84 118
71 24 23 118
28 72 18 118
18 39 61 118
53 44 21 118
23 68 27 118
28 32 58 118
4 17 97 118
43 19 56 118
35 78 6 119
88 5 26 119
99 16 4 119
71 42 6 119
15 66 38 119
62 55 2 119
31 14 74 119
82 6 31 119
12 59 48 119
20 34 65 119
12 74 33 119
38 43 38 119
44 48 27 119
9 93 17 119
12 38 69 119
41 63 15 119
31 12 76 119
29 30 60 119
27 31 61 119
64 7 48 119
73 30 16 119
8 13 98 119
55 18 46 119
79 7 33 119
36 53 30 119
18 91 10 119
55 20 44 119
49 68 2 119
6 94 19 119
14 81 24 119
33 62 24 119
17 66 36 119
17 18 84 119
42 68 9 119
9 50 60 119
31 20 68 119
58 43 18 119
14 93 13 120
42 13 65 120
51 21 48 120
8 22 90 120
68 20 32 120
25 43 52 120
8 46 66 120
27 10 83 120
28 9 83 120
22 12 86 120
50 31 39 120
35 68 17 120
43 54 23 120
53 47 20 120
57 19 44 120
15 87 18 120
1 75 44 120
17 53 50 120
16 47 57 120
51 38 31 120
85 27 8 120
25 92 3 120
50 22 48 120
9 38 73 120
16 68 36 120
36 57 27 120
47 49 24 120
16 46 58 120
70 43 7 120
23 21 76 120
91 4 25 120
17 92 11 120
50 7 63 120
48 64 8 120
18 81 21 120
21 6 93 120
94 11 15 120
23 35 62 120
12 78 30 120
23 58 39 120
27 68 25 120
52 52 16 120
72 27 21 120
2 79 39 120
35 70 15 120
93 16 11 120
19 19 82 120
37 54 29 120
3 31 86 120
22 36 62 120
31 82 7 120
78 20 22 120
79 4 37 120
37 61 22 120
6 91 24 121
98 6 17 121
47 21 53 121
87 25 9 121
80 22 19 121
20 5 96 121
13 87 21 121
22 30 69 121
99 11 11 121
26 47 48 121
93 15 13 121
65 26 30 121
80 4 37 121
69 17 35 121
19 34 68 121
44 60 17 121
79 14 28 121
13 45 63 121
69 15 37 121
56 53 12 121
45 43 33 121
60 5 56 121
51 1 69 121
37 7 77 121
48 2 71 121
48 50 23 121
57 49 15 121
51 1 69 121
33 36 52 121
56 6 59 121
19 45 57 121
31 86 4 121
12 48 61 121
78 6 37 121
65 3 53 121
49 34 38 121
81 23 17 121
23 22 76 121
33 80 9 122
52 49 21 122
47 30 45 122
33 24 65 122
51 42 29 122
64 46 12 122
98 3 21 122
32 53 37 122
18 97 7 122
17 14 91 122
71 19 32 122
15 39 68 122
57 53 12 122
2 36 84 122
18 89 15 122
33 82 7 122
37 6 79 122
10 42 70 122
6 44 72 122
60 13 49 122
14 46 62 122
60 57 5 122
36 70 16 122
21 27 74 122
74 42 6 122
36 10 76 122
86 24 12 122
46 61 15 122
36 7 79 122
63 54 5 122
42 19 61 122
76 20 26 122
20 51 51 122
9 26 87 122
36 35 51 122
52 5 65 122
33 73 16 122
14 21 87 122
67 5 50 122
50 31 41 122
9 18 95 122
13 15 94 122
11 26 85 122
73 32 17 122
40 20 62 122
9 51 62 122
16 8 98 122
3 52 67 122
33 45 44 122
30 71 21 122
43 66 14 123
66 39 18 123
94 25 4 123
94 23 6 123
28 24 71 123
16 75 32 123
54 39 30 123
39 42 42 123
42 77 4 123
64 25 34 123
73 22 28 123
28 92 3 123
70 49 4 123
21 27 75 123
59 18 46 123
86 34 3 123
89 13 21 123
32 68 23 123
70 6 47 123
34 68 21 123
34 69 20 123
63 46 14 123
92 26 5 123
18 61 44 123
25 18 80 123
44 78 1 123
86 28 9 123
49 64 10 123
20 40 63 123
31 22 70 123
43 55 25 123
84 4 35 123
65 10 48 123
34 32 57 123
69 14 40 123
27 47 49 123
58 42 23 123
99 7 17 123
78 2 43 123
10 54 59 123
21 11 91 123
15 42 66 123
82 38 3 123
43 4 76 123
98 11 15 124
33 12 79 124
11 69 44 124
18 90 16 124
19 77 28 124
43 36 45 124
31 85 8 124
68 43 13 124
29 49 46 124
13 38 73 124
47 61 16 124
67 39 18 124
19 95 10 124
16 70 38 124
22 52 50 124
79 10 35 124
11 30 83 124
60 44 20 124
51 68 5 124
20 93 11 124
24 7 93 124
50 56 18 124
14 50 60 124
39 12 73 124
44 46 34 124
91 22 11 124
35 23 66 124
42 48 34 124
18 91 15 124
82 20 22 124
11 81 32 124
26 70 28 124
33 27 64 124
43 9 72 124
12 50 62 124
21 23 80 124
71 4 49 124
59 56 9 124
47 40 37 124
36 14 74 124
41 16 67 124
15 26 83 124
30 90 4 124
17 48 60 125
18 35 72 125
16 59 50 125
68 56 1 125
94 6 25 125
31 53 41 125
58 29 38 125
15 95 15 125
9 69 47 125
57 35 33 125
35 5 85 125
13 35 77 125
6 36 83 125
45 38 42 125
36 46 43 125
18 68 39 125
33 35 57 125
44 65 16 125
56 14 55 125
2 82 41 125
82 42 1 125
81 40 4 125
65 57 3 125
66 3 56 125
68 19 38 125
84 23 18 125
59 11 55 125
91 11 23 125
17 41 67 125
4 64 57 125
13 84 28 125
47 14 64 125
24 76 25 125
12 26 87 125
86 12 27 125
46 58 21 125
5 69 51 125
15 26 84 125
42 77 6 125
53 12 60 125
72 50 3 125
87 32 6 125
77 12 37 126
30 71 25 126
93 9 24 126
65 53 8 126
2 71 53 126
72 14 40 126
80 6 40 126
15 26 85 126
25 21 80 126
56 45 25 126
76 38 12 126
24 30 72 126
22 84 20 126
53 65 8 126
34 7 85 126
30 48 48 126
6 66 54 126
47 39 40 126
13 14 99 126
5 66 55 126
17 93 16 126
3 50 73 126
7 55 64 126
98 4 24 126
75 15 36 126
49 71 6 126
38 65 23 126
27 48 51 126
55 9 62 126
17 70 39 126
47 68 11 126
68 36 22 126
57 54 15 126
4 92 30 126
31 93 2 126
22 61 43 126
35 60 31 126
3 95 28 126
56 66 4 126
44 77 5 126
53 20 53 126
6 30 90 126
22 97 7 126
30 87 9 126
42 84 1 127
23 58 46 127
11 96 20 127
13 26 88 127
29 57 41 127
29 72 26 127
20 73 34 127
99 17 11 127
49 73 5 127
31 19 77 127
60 50 17 127
46 57 24 127
88 15 24 127
20 57 50 127
47 30 50 127
54 17 56 127
27 97 3 127
18 49 60 127
80 36 11 127
76 38 13 127
18 50 59 127
8 30 89 127
33 28 66 127
29 61 37 127
53 11 63 127
66 43 18 127
76 17 34 127
40 53 34 127
1 30 96 127
16 37 74 127
30 17 80 127
23 39 65 127
7 47 73 127
23 14 90 127
94 32 1 127
87 32 8 127
28 16 83 127
27 3 97 127
27 74 26 127
60 19 48 127
12 57 58 127
78 6 43 127
91 22 14 127
26 98 3 127
35 79 13 127
55 64 9 128
18 34 76 128
14 83 31 128
90 18 20 128
41 56 31 128
5 87 36 128
18 28 82 128
57 38 33 128
11 41 76 128
28 18 82 128
26 70 32 128
40 30 58 128
95 14 19 128
21 43 64 128
96 8 24 128
54 10 64 128
70 21 37 128
7 44 77 128
14 92 22 128
16 93 19 128
70 18 40 128
37 7 84 128
70 21 37 128
57 49 22 128
92 22 14 128
32 54 42 128
41 35 52 128
84 17 27 128
5 44 79 128
36 25 67 128
54 27 47 128
20 62 46 128
76 6 46 128
37 73 18 128
48 79 1 128
33 30 65 128
28 64 36 128
83 27 18 128
70 24 34 128
89 21 18 128
84 9 35 128
48 57 23 128
51 41 36 128
14 43 71 128
8 24 96 128
29 90 9 128
8 27 93 128
20 48 61 129
28 45 56 129
94 13 22 129
21 12 96 129
28 27 74 129
18 82 29 129
29 10 90 129
10 39 80 129
36 2 91 129
21 75 33 129
72 20 37 129
30 9 90 129
35 54 40 129
72 34 23 129
19 63 47 129
14 55 60 129
72 17 40 129
31 90 8 129
45 24 60 129
49 74 6 129
26 45 58 129
90 30 9 129
38 45 46 129
76 22 31 129
59 27 43 129
48 25 56 129
16 50 63 129
35 55 39 129
65 14 50 129
63 17 49 129
51 50 28 129
68 51 10 129
36 43 50 129
97 3 29 129
68 27 34 129
21 48 60 129
47 28 54 129
72 21 36 129
56 53 20 129
53 46 30 129
63 8 58 129
20 48 62 130
30 56 44 130
68 21 41 130
90 36 4 130
83 10 37 130
88 20 22 130
16 27 87 130
68 51 11 130
23 98 9 130
25 61 44 130
13 61 56 130
3 83 44 130
85 6 39 130
44 64 22 130
13 82 35 130
7 39 84 130
23 13 94 130
53 44 33 130
21 80 29 130
61 55 14 130
69 3 58 130
14 68 48 130
20 68 42 130
52 73 5 130
12 80 38 130
45 69 16 130
8 66 56 130
3 58 69 130
93 19 18 130
48 41 41 130
36 64 30 130
55 58 18 131
5 43 83 131
30 95 6 131
73 18 40 131
64 35 32 131
28 97 6 131
89 25 17 131
30 60 41 131
89 41 1 131
14 64 53 131
23 49 59 131
80 15 36 131
3 34 94 131
31 66 34 131
55 67 9 131
92 25 14 131
54 5 72 131
57 55 19 131
29 55 47 131
16 45 70 131
49 24 58 131
91 36 4 131
22 20 89 131
55 73 3 131
45 42 44 131
46 35 50 131
65 20 46 131
63 36 32 131
4 95 32 131
63 36 32 131
26 46 59 131
37 46 48 131
10 63 58 131
35 69 27 131
27 79 25 131
90 29 12 131
28 13 90 131
63 31 37 131
57 4 70 131
92 24 15 131
22 41 68 131
34 12 85 131
99 10 22 131
21 37 73 131
35 14 82 131
86 11 34 131
75 6 50 131
91 25 15 131
56 16 59 131
37 79 16 132
54 22 56 132
66 18 48 132
96 31 5 132
92 37 3 132
32 6 94 132
26 47 59 132
33 80 19 132
11 92 29 132
20 19 93 132
14 77 41 132
28 7 97 132
89 6 37 132
68 45 19 132
20 19 93 132
70 34 28 132
49 24 59 132
66 60 6 132
55 50 27 132
65 35 32 132
3 77 52 132
38 7 87 132
32 30 70 132
31 25 76 132
14 90 28 132
21 23 88 132
64 62 6 132
61 37 34 132
62 49 21 132
3 88 41 132
65 2 65 132
12 54 66 132
93 6 33 132
20 25 87 132
34 57 41 132
79 6 47 132
7 75 50 132
83 32 17 132
34 15 83 132
49 80 3 132
65 5 62 132
18 89 25 132
64 42 26 132
11 65 56 132
56 65 11 132
68 10 54 132
44 10 78 132
58 28 46 132
7 91 35 133
36 36 61 133
76 13 44 133
87 14 32 133
34 36 63 133
90 39 4 133
55 3 75 133
47 34 52 133
86 16 31 133
49 12 72 133
69 38 26 133
34 88 11 133
14 25 94 133
48 77 8 133
12 93 28 133
14 71 48 133
23 28 82 133
97 34 2 133
84 23 26 133
43 16 74 133
60 51 22 133
54 66 13 133
32 40 61 133
10 45 78 133
58 65 10 133
40 13 80 133
50 31 52 133
58 12 63 133
58 7 68 133
46 84 3 133
45 78 10 133
25 81 27 133
15 64 54 133
83 17 33 133
15 64 54 133
65 7 62 134
94 3 37 134
84 49 1 134
69 58 7 134
48 48 38 134
37 4 93 134
19 38 77 134
42 30 62 134
77 41 16 134
14 53 67 134
30 73 31 134
97 32 5 134
73 33 28 134
70 21 43 134
52 15 67 134
30 17 87 134
37 58 39 134
72 28 34 134
14 94 26 134
46 48 40 134
2 49 83 134
13 70 51 134
53 28 53 134
20 95 19 134
16 47 71 134
79 53 2 134
42 51 41 134
42 25 67 134
10 98 26 134
38 30 66 134
90 33 11 134
60 51 23 134
35 98 1 134
34 92 8 134
20 77 37 134
85 26 23 134
47 84 3 134
5 40 89 134
24 51 59 134
50 27 57 134
59 52 23 134
39 82 13 134
18 37 79 134
85 42 7 134
36 74 24 134
3 74 58 135
25 33 77 135
75 28 32 135
70 29 36 135
87 8 40 135
1 89 45 135
10 48 77 135
71 45 19 135
33 61 41 135
19 79 37 135
21 58 56 135
72 39 24 135
69 49 17 135
59 30 46 135
97 10 28 135
57 74 4 135
37 41 57 135
52 73 10 135
49 73 13 135
12 71 52 135
52 63 20 135
25 79 31 135
35 96 4 135
24 77 34 135
1 80 54 135
68 59 8 135
5 52 78 135
8 32 95 135
69 39 27 135
40 47 48 135
9 55 71 135
43 58 34 135
51 76 8 135
36 66 33 135
50 6 79 135
62 40 33 135
87 35 14 136
39 71 26 136
13 78 45 136
31 57 48 136
99 32 5 136
72 16 48 136
59 8 69 136
50 58 28 136
30 27 79 136
76 18 42 136
59 25 52 136
11 56 69 136
69 17 50 136
44 28 64 136
92 33 11 136
3 75 58 136
6 88 42 136
87 46 3 136
34 40 62 136
92 37 7 136
17 79 40 136
58 36 42 136
34 76 26 136
16 64 56 136
6 85 45 136
61 47 28 136
50 9 77 136
82 8 46 136
88 23 25 136
61 53 22 136
39 58 39 136
84 46 6 136
18 24 94 136
10 89 37 136
52 34 50 136
46 57 33 136
44 26 66 136
13 85 38 136
41 26 69 136
12 31 93 136
76 49 11 136
40 49 47 136
22 78 36 136
40 71 25 136
7 55 74 136
37 60 40 137
70 33 34 137
65 56 16 137
24 41 72 137
7 57 73 137
14 70 53 137
51 53 33 137
49 69 19 137
60 9 68 137
18 91 28 137
73 49 15 137
40 71 26 137
52 49 36 137
67 59 11 137
22 28 87 137
84 45 8 137
30 31 76 137
36 93 8 137
44 15 78 137
46 76 15 137
63 56 18 137
17 63 57 137
76 52 9 137
71 13 53 137
21 54 62 137
8 77 52 137
28 75 34 137
33 88 16 137
19 39 79 137
87 24 26 137
94 20 23 137
36 4 97 137
36 89 12 137
46 55 36 137
41 32 64 137
26 43 68 137
72 24 41 137
46 42 49 137
46 49 42 137
40 90 7 137
42 35 60 137
57 30 50 137
45 82 10 137
86 16 35 137
25 16 96 137
90 37 10 137
20 76 41 137
47 78 12 137
59 6 72 137
28 37 72 137
76 40 21 137
26 68 44 138
46 54 38 138
25 38 75 138
21 57 60 138
40 94 4 138
65 72 1 138
35 48 55 138
71 50 17 138
92 35 11 138
38 46 54 138
57 22 59 138
22 40 76 138
70 23 45 138
48 28 62 138
33 80 25 138
61 51 26 138
70 49 19 138
61 59 18 138
81 2 55 138
54 75 9 138
97 11 30 138
40 64 34 138
16 52 70 138
7 90 41 138
69 59 10 138
2 49 87 138
20 68 50 138
58 16 64 138
13 78 47 138
23 71 44 138
44 18 76 138
83 37 18 138
34 23 81 138
26 51 62 139
37 79 23 139
76 2 61 139
53 12 74 139
8 56 75 139
62 43 34 139
23 43 73 139
64 55 20 139
22 48 69 139
81 49 9 139
83 41 15 139
19 36 84 139
54 53 32 139
44 45 50 139
31 95 13 139
34 97 8 139
38 86 15 139
83 22 34 139
89 24 26 139
11 30 98 139
13 61 65 139
66 1 72 139
50 85 4 139
97 31 11 139
72 38 29 139
56 55 28 139
85 19 35 139
67 70 2 139
37 11 91 139
78 11 50 139
39 41 59 139
12 74 53 139
8 72 59 139
96 19 24 139
13 96 30 139
19 54 66 139
45 11 83 139
21 22 96 139
44 67 28 139
50 53 36 139
71 12 56 139
30 81 28 139
88 44 7 139
88 43 9 140
69 64 7 140
26 85 29 140
74 30 36 140
20 75 45 140
16 97 27 140
26 81 33 140
60 47 33 140
54 25 61 140
36 5 99 140
9 89 42 140
29 20 91 140
77 35 28 140
37 9 94 140
46 1 93 140
16 43 81 140
38 44 58 140
72 51 17 140
89 25 26 140
85 36 19 140
72 21 47 140
21 23 96 140
3 83 54 140
2 81 57 140
57 58 25 140
37 42 61 140
96 17 27 140
13 48 79 140
12 63 65 140
18 26 96 140
87 49 4 140
51 71 18 140
66 18 56 140
32 19 89 140
57 19 64 140
39 52 49 140
90 39 11 140
50 42 48 140
77 35 28 140
20 60 60 140
13 88 39 140
77 61 2 140
38 87 15 140
69 23 48 140
89 39 12 140
85 45 10 140
35 22 83 140
38 67 35 140
38 70 32 140
55 27 58 140
52 36 52 140
12 85 43 140
72 51 17 140
92 19 29 140
8 86 47 141
37 37 67 141
41 3 97 141
64 48 29 141
95 34 12 141
44 93 4 141
44 75 22 141
4 57 80 141
40 53 48 141
60 41 40 141
55 56 30 141
35 51 55 141
22 67 52 141
10 82 49 141
41 9 91 141
44 9 88 141
74 33 34 141
76 48 17 141
20 27 94 141
39 25 77 141
36 61 44 141
1 80 60 141
45 71 25 141
31 66 44 141
21 89 31 141
77 8 56 141
5 67 69 141
1 76 64 141
51 7 83 141
79 26 36 141
58 58 25 141
8 92 41 141
17 98 26 141
53 62 26 141
75 41 25 141
20 66 55 141
50 9 82 141
58 20 63 141
20 41 80 141
51 32 58 141
3 55 83 141
89 15 37 141
36 69 36 141
37 69 35 141
4 78 59 141
24 34 83 141
59 65 17 141
11 96 34 141
29 62 50 141
11 73 58 142
39 57 46 142
73 47 22 142
24 50 68 142
61 54 27 142
13 41 88 142
97 29 16 142
2 83 57 142
40 55 47 142
14 35 93 142
19 53 70 142
41 44 57 142
8 46 88 142
20 51 71 142
62 67 13 142
20 71 51 142
90 22 30 142
67 70 5 142
18 68 56 142
40 37 65 142
35 11 96 142
73 5 64 142
44 7 91 142
69 17 56 142
53 7 82 142
47 76 19 142
72 62 8 142
9 53 80 142
51 66 25 142
67 10 65 142
35 48 59 142
48 1 93 142
27 41 74 142
33 60 49 142
16 31 95 142
27 51 64 142
17 35 90 142
46 73 23 142
87 42 13 142
14 47 81 142
10 93 40 143
13 60 70 143
60 38 45 143
99 32 12 143
89 17 37 143
53 44 46 143
26 67 50 143
37 49 57 143
6 68 69 143
1 91 51 143
79 57 7 143
55 73 15 143
39 98 6 143
28 70 45 143
53 83 7 143
43 7 93 143
52 16 75 143
42 53 48 143
20 67 56 143
77 61 5 143
45 44 54 143
83 23 37 143
73 19 51 143
34 45 64 143
24 74 45 143
3 89 51 143
3 50 90 143
40 99 4 143
90 43 10 143
26 91 26 143
86 32 25 143
25 87 31 143
84 35 24 143
62 61 20 143
83 38 22 143
1 59 83 143
15 45 83 143
43 16 84 143
34 84 25 143
70 14 59 143
55 78 10 143
54 31 58 143
41 33 69 143
64 22 57 143
10 75 58 143
36 81 26 143
41 17 85 143
63 61 19 143
85 19 39 143
14 60 69 143
75 45 23 143
56 54 33 143
44 12 87 143
81 19 44 144
1 83 60 144
42 71 31 144
25 81 38 144
41 48 55 144
20 56 68 144
17 28 99 144
2 71 71 144
76 38 30 144
87 34 23 144
75 30 39 144
18 98 28 144
28 66 50 144
60 76 8 144
68 3 73 144
60 71 13 144
59 18 67 144
32 51 61 144
18 63 63 144
98 44 2 144
18 54 72 144
26 50 68 144
24 92 28 144
84 59 1 144
6 98 40 144
78 60 6 144
45 75 24 144
72 7 65 144
36 14 94 144
67 60 17 144
10 76 58 144
22 93 29 144
70 6 68 144
27 38 79 144
5 44 95 144
99 43 2 144
92 48 4 144
8 44 92 144
42 9 93 144
50 70 24 144
52 51 41 144
65 17 62 144
91 22 31 144
3 59 82 144
17 76 52 145
26 25 94 145
68 66 11 145
79 14 52 145
42 5 98 145
25 66 54 145
46 51 48 145
59 49 37 145
53 3 89 145
38 59 48 145
46 8 91 145
69 51 25 145
85 57 3 145
14 70 61 145
79 28 38 145
50 27 68 145
25 28 92 145
23 54 68 145
47 80 18 145
82 44 19 145
91 15 39 145
39 40 66 145
79 18 48 145
36 91 18 145
92 27 26 145
47 85 13 145
85 50 10 145
24 94 27 145
82 57 6 145
44 76 25 145
33 50 62 145
78 31 36 145
35 83 27 145
38 65 42 145
69 55 21 145
64 11 70 145
67 43 35 145
27 70 48 145
31 32 82 145
49 19 78 146
27 28 91 146
40 24 82 146
15 51 80 146
85 39 22 146
5 98 43 146
45 21 80 146
95 44 7 146
73 43 30 146
25 65 56 146
51 76 19 146
23 84 39 146
53 50 43 146
31 33 82 146
36 25 85 146
22 86 38 146
1 94 51 146
8 90 48 146
38 13 95 146
24 54 68 146
49 23 74 146
47 58 41 146
70 59 17 146
1 80 65 146
90 36 20 146
25 73 48 146
88 28 30 146
5 47 94 146
80 4 62 146
39 29 78 146
39 33 74 146
21 77 48 146
53 35 58 146
86 21 39 146
30 30 86 146
66 8 72 146
72 19 55 146
97 44 5 146
88 16 42 146
44 48 54 146
76 10 60 146
33 77 36 146
10 72 64 146
63 25 58 146
88 33 26 147
44 84 19 147
45 22 80 147
82 11 54 147
17 90 40 147
53 68 26 147
81 48 18 147
67 3 77 147
35 62 50 147
69 25 53 147
74 16 57 147
32 38 77 147
50 54 43 147
81 10 56 147
81 62 4 147
59 27 61 147
37 30 80 147
32 47 68 147
10 91 46 147
25 28 94 147
76 14 57 147
94 44 9 147
64 18 65 147
94 38 15 147
47 26 74 147
38 10 99 147
48 5 94 147
25 91 31 147
50 74 23 147
41 25 81 147
56 67 24 147
2 54 91 147
48 16 83 147
42 45 60 147
66 18 63 147
55 91 1 147
49 74 24 147
21 54 72 147
80 34 33 147
32 77 38 147
56 20 71 147
53 4 90 147
42 16 89 147
93 29 25 147
52 1 94 147
23 28 96 147
48 17 83 148
2 79 67 148
70 74 4 148
75 41 32 148
55 72 21 148
47 55 46 148
42 17 89 148
64 49 35 148
94 15 39 148
7 53 88 148
90 35 23 148
33 66 49 148
72 64 12 148
85 17 46 148
4 66 78 148
34 46 68 148
93 11 44 148
35 66 47 148
11 93 44 148
63 52 33 148
31 73 44 148
59 57 32 148
87 44 17 148
64 64 20 148
33 78 37 148
56 89 3 148
32 73 43 148
53 1 94 148
55 3 90 148
95 10 43 148
3 83 62 148
44 86 18 148
36 38 74 148
42 55 51 148
64 64 20 148
16 54 78 148
37 30 81 148
58 35 55 148
53 25 70 148
77 7 64 148
28 97 23 148
16 87 45 148
45 21 82 148
33 95 20 148
85 25 38 148
36 74 39 149
60 26 63 149
66 29 54 149
29 71 49 149
58 35 56 149
86 39 24 149
36 28 85 149
24 78 47 149
52 81 16 149
60 26 63 149
73 28 48 149
15 71 63 149
10 87 52 149
65 42 42 149
7 91 51 149
86 24 39 149
63 71 15 149
31 21 97 149
74 50 25 149
64 25 60 149
48 7 94 149
86 28 35 149
95 4 50 149
87 9 53 149
3 50 96 149
78 12 59 149
60 8 81 149
38 12 99 149
55 93 1 149
22 61 66 149
5 52 92 149
10 49 90 149
16 57 76 149
56 60 33 149
12 61 76 149
74 8 67 149
46 43 60 149
68 73 8 149
60 52 37 149
66 75 8 149
29 22 98 149
85 30 34 149
50 36 63 149
76 2 71 149
85 35 29 149
46 91 12 149
76 68 5 149
85 46 18 149
82 34 33 149
34 72 43 149
18 60 72 150
44 65 41 150
31 62 57 150
64 36 50 150
54 36 60 150
59 35 56 150
66 30 54 150
44 59 47 150
48 5 97 150
79 47 24 150
48 82 20 150
25 79 46 150
53 65 32 150
49 3 98 150
65 13 72 150
69 1 80 150
13 47 90 150
40 62 48 150
9 73 68 150
73 57 20 150
79 17 54 150
71 65 14 150
41 14 95 150
57 77 16 150
25 75 50 150
65 44 41 150
68 55 27 150
60 72 18 150
75 66 9 150
6 56 88 150
65 79 6 150
36 89 25 150
37 56 57 150
33 46 71 150
85 28 37 150
51 49 50 150
32 62 56 150
91 7 52 150
71 54 25 150
28 55 67 150
31 60 59 150
49 64 37 150
31 85 34 150
52 59 39 150
37 80 33 150
60 84 7 151
67 54 30 151
7 81 63 151
84 52 15 151
83 35 33 151
76 61 14 151
39 84 28 151
63 5 83 151
63 46 42 151
65 22 64 151
30 60 61 151
11 47 93 151
11 60 80 151
46 52 53 151
71 56 24 151
84 36 31 151
70 4 77 151
37 74 40 151
52 47 52 151
14 87 50 151
34 52 65 151
58 17 76 151
79 2 70 151
14 90 47 151
67 22 62 151
22 48 81 151
21 52 78 151
59 48 44 151
51 67 33 151
35 76 40 151
37 44 70 151
31 88 32 151
58 31 62 151
89 58 4 151
49 8 94 151
64 22 65 151
86 1 64 151
58 71 22 151
27 45 79 151
46 80 25 151
72 28 51 151
97 37 17 151
45 56 50 151
87 30 34 151
41 73 37 151
34 61 56 151
32 98 21 151
42 26 83 151
51 23 77 151
27 91 33 151
68 56 28 152
12 63 77 152
33 37 82 152
21 78 53 152
78 18 56 152
90 36 26 152
58 74 20 152
64 67 21 152
58 31 63 152
33 84 35 152
15 88 49 152
99 42 11 152
61 15 76 152
78 41 33 152
2 94 56 152
42 40 70 152
83 66 3 152
76 57 19 152
11 49 92 152
21 85 46 152
91 17 44 152
39 85 28 152
48 40 64 152
70 48 34 152
53 69 30 152
67 70 15 152
83 17 52 152
58 90 4 152
36 90 26 152
36 86 30 152
10 53 89 152
62 14 76 152
95 33 24 152
75 44 33 152
51 94 7 152
64 4 84 152
54 11 87 152
75 69 8 152
92 2 58 152
42 20 90 152
82 22 48 152
47 26 79 152
16 65 71 152
64 53 35 152
53 61 38 152
56 75 21 152
36 45 72 153
55 44 54 153
61 68 24 153
71 15 67 153
42 54 57 153
64 44 45 153
40 74 39 153
91 39 23 153
39 71 43 153
46 45 62 153
37 40 76 153
54 31 68 153
53 41 59 153
19 76 58 153
64 20 69 153
65 7 81 153
22 36 95 153
80 20 53 153
65 2 86 153
63 34 56 153
56 50 47 153
10 49 94 153
60 17 76 153
20 81 52 153
12 82 59 153
55 34 64 153
65 45 43 153
80 45 28 153
62 84 7 153
67 46 40 153
86 25 42 153
75 64 14 153
88 29 36 153
22 70 61 153
18 44 91 153
94 33 26 153
65 55 33 153
54 92 7 153
71 67 15 153
68 14 72 154
85 36 33 154
76 33 45 154
25 64 65 154
52 95 7 154
8 48 98 154
38 34 82 154
67 5 82 154
26 41 87 154
66 19 69 154
19 85 50 154
57 41 56 154
28 82 44 154
69 79 6 154
30 65 59 154
90 49 15 154
65 65 24 154
6 84 64 154
59 76 19 154
52 82 20 154
59 94 1 154
45 84 25 154
96 5 53 154
38 46 70 154
28 42 84 154
68 59 27 154
29 69 56 154
78 69 7 154
63 83 8 154
74 74 6 154
41 99 14 154
86 22 46 154
65 62 27 154
54 73 27 154
46 58 50 154
11 96 47 154
73 35 46 154
21 46 87 154
38 27 89 154
76 23 56 155
38 49 68 155
29 55 71 155
16 79 60 155
92 47 16 155
63 85 7 155
38 64 53 155
61 3 91 155
89 8 58 155
80 3 72 155
64 22 69 155
21 80 54 155
42 72 41 155
63 82 10 155
95 56 4 155
92 32 31 155
19 64 72 155
20 64 71 155
14 90 51 155
58 36 61 155
67 8 80 155
12 78 65 155
53 3 99 155
28 86 41 155
32 72 51 155
53 14 88 155
36 29 90 155
61 20 74 155
66 71 18 155
45 72 38 155
32 58 65 155
63 72 20 155
36 81 38 155
29 61 65 155
73 43 39 155
84 37 34 155
37 85 33 155
72 80 3 155
94 4 58 156
62 31 63 156
74 49 33 156
36 26 94 156
56 45 55 156
50 36 70 156
75 37 44 156
71 76 9 156
64 12 80 156
61 67 28 156
12 90 54 156
26 48 82 156
70 59 27 156
47 29 80 156
57 9 90 156
55 56 45 156
37 76 43 156
50 19 87 156
31 70 55 156
24 96 36 156
17 95 44 156
92 29 35 156
31 74 51 156
79 9 68 156
74 66 16 156
66 31 59 156
22 97 37 156
11 63 82 156
65 71 20 156
90 38 28 156
51 64 41 156
55 17 84 156
47 12 97 156
28 60 68 156
76 41 39 156
82 30 44 156
63 67 26 156
79 75 2 156
67 29 60 156
71 57 28 156
43 16 97 156
87 21 48 156
50 58 48 156
37 21 98 156
49 63 45 157
90 20 47 157
64 17 76 157
81 53 23 157
28 87 42 157
43 77 37 157
26 58 73 157
87 8 62 157
77 68 12 157
80 66 11 157
81 26 50 157
91 4 62 157
53 40 64 157
75 64 18 157
93 57 7 157
48 29 80 157
97 30 30 157
16 87 54 157
43 94 20 157
37 71 49 157
20 79 58 157
84 27 46 157
30 43 84 157
47 79 31 157
11 82 64 157
50 8 99 157
40 60 57 157
95 61 1 157
51 22 84 157
53 45 59 157
27 78 52 157
62 49 46 157
28 75 54 157
86 59 12 157
61 39 57 157
84 43 30 157
94 1 62 157
26 87 44 157
87 29 41 157
81 2 75 158
21 57 80 158
73 15 70 158
83 8 67 158
16 65 77 158
69 5 84 158
71 33 54 158
2 78 78 158
47 22 89 158
98 51 9 158
86 64 8 158
65 59 34 158
51 54 53 158
62 70 26 158
61 20 77 158
5 81 72 158
42 99 17 158
77 55 26 158
23 63 72 158
15 60 83 158
81 67 10 158
46 53 59 158
87 12 59 158
36 47 75 158
43 95 20 158
8 80 70 158
33 50 75 158
11 79 68 158
31 44 83 158
76 11 71 158
50 81 27 158
83 28 47 158
67 33 58 158
77 34 47 158
40 57 61 158
61 75 22 158
92 10 56 158
99 4 55 158
8 83 67 158
67 63 28 158
34 36 88 158
95 36 27 158
1 66 91 158
33 53 72 158
68 84 6 158
79 13 66 158
47 19 92 158
8 61 89 158
23 99 36 158
30 73 55 158
40 21 97 158
52 56 50 158
81 45 32 158
79 23 56 158
62 28 69 159
25 38 96 159
13 57 89 159
45 94 20 159
98 12 49 159
54 30 75 159
86 48 25 159
64 83 12 159
76 72 11 159
91 60 8 159
70 63 26 159
91 45 23 159
83 33 43 159
51 55 53 159
21 56 82 159
40 35 84 159
44 59 56 159
66 53 40 159
54 69 36 159
41 50 68 159
86 13 60 159
7 86 66 159
98 40 21 159
47 58 54 159
57 17 85 159
57 67 35 159
68 18 73 159
69 79 11 159
31 32 96 159
3 91 65 159
53 63 43 159
39 57 63 159
73 69 17 159
82 22 55 159
90 29 40 159
20 47 92 159
93 53 14 160
51 85 24 160
41 90 29 160
86 2 72 160
43 46 71 160
76 12 72 160
44 61 55 160
80 10 70 160
29 58 73 160
26 87 47 160
84 71 5 160
18 54 88 160
13 76 71 160
88 4 68 160
76 75 9 160
75 71 14 160
34 88 38 160
59 13 88 160
52 18 90 160
40 35 85 160
57 22 81 160
90 46 24 160
92 66 2 160
65 60 35 160
81 45 34 160
67 49 44 160
85 58 17 160
40 34 86 160
40 29 91 160
1 88 71 160
93 38 29 160
87 24 49 160
90 10 60 160
64 53 43 160
11 87 62 160
50 46 64 160
34 60 66 160
68 82 10 160
61 29 70 160
34 97 30 161
73 43 45 161
26 82 53 161
6 57 98 161
24 42 95 161
9 70 82 161
37 73 51 161
66 72 23 161
22 77 62 161
79 17 65 161
67 59 35 161
48 57 56 161
69 9 83 161
39 55 67 161
69 69 23 161
92 35 34 161
94 53 14 161
8 71 82 161
55 76 30 161
54 83 24 161
56 96 9 161
30 74 57 161
93 10 58 161
14 84 63 161
95 11 55 161
35 52 74 161
72 7 82 161
85 44 32 161
73 73 15 161
61 50 50 161
36 38 87 161
62 65 34 161
21 41 99 161
86 18 57 161
45 42 74 161
84 37 40 161
88 62 11 161
14 95 52 161
34 92 36 162
32 82 48 162
46 94 22 162
61 71 30 162
45 57 60 162
72 53 37 162
67 42 53 162
68 67 27 162
57 67 38 162
65 2 95 162
96 5 61 162
40 23 99 162
48 34 80 162
76 26 60 162
78 74 10 162
70 16 76 162
62 13 87 162
23 99 40 162
36 51 75 162
34 68 60 162
92 69 1 162
80 38 44 162
82 9 71 162
54 86 22 162
59 84 19 162
39 34 89 162
88 72 2 162
77 72 13 162
47 33 82 162
24 48 90 162
1 68 93 162
94 31 37 162
66 24 72 162
22 58 82 162
48 25 89 162
48 51 63 162
5 92 65 162
38 63 61 162
78 78 7 163
84 27 52 163
61 55 47 163
78 70 15 163
66 83 14 163
53 69 41 163
76 82 5 163
51 82 30 163
63 58 42 163
61 97 5 163
65 42 56 163
91 7 65 163
24 53 86 163
43 92 28 163
62 73 28 163
76 86 1 163
69 5 89 163
86 16 61 163
13 59 91 163
70 56 37 163
17 95 51 163
27 61 75 163
49 32 82 163
86 29 48 163
50 63 50 163
39 41 83 163
62 78 23 163
56 57 50 163
90 64 9 163
45 76 42 163
89 47 27 163
46 82 35 163
79 23 61 163
96 45 22 163
14 67 82 163
68 80 15 163
65 65 33 163
26 46 91 163
24 88 51 163
58 75 30 163
77 73 13 163
43 34 86 163
97 41 25 163
55 65 43 163
37 28 98 163
59 27 77 163
4 93 66 163
26 74 63 163
6 92 65 163
62 17 84 163
68 49 46 163
66 11 86 163
66 92 5 163
23 63 77 163
39 29 95 163
59 62 42 163
41 69 54 164
71 60 33 164
22 95 47 164
82 60 22 164
6 88 70 164
65 20 79 164
61 79 24 164
78 42 44 164
20 83 61 164
85 4 75 164
65 87 12 164
22 61 81 164
66 79 19 164
26 61 77 164
65 20 79 164
9 81 74 164
98 43 23 164
65 16 83 164
39 66 59 164
38 28 98 164
4 65 95 164
48 52 64 164
73 34 57 164
33 95 36 164
57 13 94 164
75 65 24 164
90 10 64 164
96 17 51 164
25 61 78 164
40 95 29 164
92 45 27 164
49 83 32 164
41 65 58 164
20 60 84 164
55 16 93 164
97 47 20 164
44 32 88 164
80 48 36 164
52 41 71 164
59 98 7 164
24 74 66 164
51 63 50 164
84 6 74 164
67 63 34 164
68 3 93 164
2 68 94 164
58 86 20 164
69 85 10 164
58 79 27 164
96 50 19 165
65 72 28 165
76 88 1 165
55 33 77 165
99 26 40 165
28 81 56 165
82 70 13 165
97 54 14 165
87 47 31 165
28 90 47 165
4 68 93 165
13 81 71 165
66 74 25 165
93 46 26 165
54 84 27 165
97 24 44 165
98 8 59 165
95 64 6 165
73 73 19 165
48 63 54 165
50 34 81 165
89 22 54 165
67 3 95 165
1 68 96 165
17 76 72 165
74 87 4 165
3 72 90 165
59 80 26 165
14 65 86 165
2 88 75 165
67 25 73 165
94 21 50 165
42 46 77 165
52 62 51 165
67 84 14 165
21 88 56 165
39 32 94 165
2 79 84 165
40 37 88 165
61 68 36 165
65 46 54 165
14 99 52 165
17 64 84 165
56 76 33 165
71 51 43 165
46 33 86 165
6 83 77 166
49 28 89 166
55 34 77 166
94 43 29 166
98 38 30 166
81 74 11 166
14 81 71 166
54 91 21 166
59 62 45 166
70 65 31 166
11 99 56 166
34 78 54 166
14 95 57 166
79 73 14 166
67 64 35 166
63 43 60 166
85 13 68 166
66 57 43 166
52 77 37 166
47 80 39 166
75 23 68 166
95 17 54 166
5 87 74 166
29 61 76 166
89 46 31 166
66 37 63 166
33 66 67 166
19 77 70 166
59 83 24 166
36 50 80 166
43 79 44 166
56 27 83 166
91 42 33 166
59 45 62 166
79 41 46 166
52 44 70 166
58 78 30 166
89 65 12 166
85 38 43 166
73 66 27 166
74 71 21 166
40 85 41 166
62 8 96 166
92 63 11 166
57 16 93 166
98 65 3 166
84 9 73 166
85 72 9 166
46 77 43 166
91 30 45 166
35 84 47 166
41 35 90 166
12 62 92 166
22 60 84 166
61 49 56 166
15 93 59 167
23 73 71 167
98 9 60 167
77 76 14 167
77 80 10 167
38 81 48 167
64 71 32 167
78 13 76 167
98 5 64 167
90 63 14 167
12 93 62 167
56 19 92 167
10 98 59 167
32 81 54 167
23 87 57 167
87 52 28 167
64 67 36 167
34 87 46 167
9 65 93 167
74 38 55 167
21 73 73 167
94 67 6 167
59 98 10 167
44 33 90 167
21 90 56 167
16 97 54 167
1 77 89 167
88 9 70 167
87 42 38 167
78 46 43 167
56 25 86 167
31 37 99 167
53 98 16 167
44 29 94 167
99 48 20 167
38 73 56 167
70 25 72 167
57 22 88 167
99 40 28 167
61 84 22 167
48 51 68 167
72 24 71 167
39 91 37 167
37 81 49 167
31 73 63 167
49 28 91 168
91 53 24 168
30 49 89 168
88 44 36 168
83 58 27 168
72 56 40 168
62 91 15 168
64 96 8 168
65 54 49 168
2 67 99 168
2 78 88 168
44 89 35 168
38 90 40 168
69 78 21 168
84 75 9 168
17 69 82 168
51 36 81 168
46 59 63 168
46 37 85 168
40 73 55 168
53 99 16 168
4 96 68 168
59 62 47 168
96 64 8 168
54 82 32 168
20 80 68 168
82 56 30 168
97 56 15 168
94 48 26 168
73 54 41 168
35 92 41 168
77 65 26 168
37 79 52 168
70 44 54 168
53 87 28 168
12 77 79 168
66 19 84 169
21 98 50 169
6 74 89 169
9 62 98 169
36 78 55 169
53 42 74 169
85 74 10 169
21 76 72 169
74 59 36 169
64 20 85 169
52 84 33 169
75 12 82 169
59 56 54 169
95 71 3 169
83 36 50 169
75 61 33 169
53 91 25 169
75 65 29 169
85 42 42 169
98 66 5 169
50 35 84 169
39 79 51 169
11 75 83 169
23 97 49 169
75 27 67 169
25 94 50 169
30 55 84 169
65 50 54 169
84 12 73 169
55 22 92 169
53 69 47 169
95 13 61 169
68 90 11 169
81 54 34 169
38 97 34 169
35 67 67 169
79 64 26 169
35 36 98 169
57 94 18 169
80 87 2 169
88 22 59 169
3 98 68 169
28 74 67 169
87 25 57 169
25 70 74 169
36 46 87 169
94 53 23 170
69 83 18 170
25 99 46 170
57 82 31 170
79 49 42 170
39 72 59 170
66 46 58 170
47 99 24 170
21 70 79 170
71 60 39 170
36 50 84 170
49 70 51 170
73 28 69 170
99 56 15 170
27 47 96 170
16 62 92 170
83 71 16 170
80 41 49 170
40 72 58 170
38 71 61 170
69 7 94 170
54 61 55 170
86 46 38 170
8 93 69 170
42 75 53 170
26 95 49 170
52 62 56 170
48 58 64 170
59 69 42 170
43 35 92 170
97 7 66 170
63 10 97 170
66 5 99 170
51 25 94 170
57 64 49 170
46 65 60 171
23 67 81 171
81 83 7 171
79 55 37 171
63 49 59 171
29 95 47 171
74 45 52 171
79 36 56 171
54 51 66 171
81 79 11 171
31 77 63 171
24 82 65 171
86 37 48 171
67 31 73 171
36 58 77 171
45 74 52 171
17 94 60 171
72 47 52 171
62 28 81 171
50 96 25 171
37 49 85 171
16 95 60 171
43 41 87 171
61 60 50 171
18 62 91 171
97 71 3 171
1 86 84 171
99 26 46 171
45 74 52 171
54 45 72 171
52 99 20 171
51 29 91 171
11 64 96 171
79 47 45 171
96 35 40 171
56 42 73 171
28 95 48 171
53 33 86 172
6 91 75 172
31 93 48 172
88 75 9 172
89 29 54 172
54 74 44 172
9 74 89 172
26 64 82 172
54 53 65 172
35 38 99 172
22 90 60 172
95 75 2 172
93 22 57 172
70 26 76 172
11 99 62 172
81 40 51 172
56 54 62 172
75 91 6 172
87 22 63 172
28 90 54 172
49 60 63 172
91 79 2 172
85 37 50 172
65 61 46 172
95 2 75 172
84 15 73 172
63 29 80 172
52 83 37 172
9 86 77 172
36 37 99 172
78 20 74 172
81 32 59 172
84 43 45 172
57 86 29 172
23 80 69 172
83 71 18 172
37 37 98 172
61 63 48 172
75 57 40 172
70 70 32 172
54 38 80 172
81 65 26 172
2 86 84 172
34 65 73 172
76 86 11 173
60 43 70 173
56 63 54 173
75 48 50 173
10 92 71 173
18 59 96 173
76 75 22 173
97 55 21 173
64 51 58 173
37 97 39 173
19 56 98 173
83 85 5 173
69 80 24 173
68 41 64 173
76 43 54 173
28 66 79 173
22 64 87 173
92 15 66 173
77 57 39 173
78 41 54 173
65 92 16 173
92 42 39 173
43 70 60 173
66 44 63 173
28 85 60 173
42 54 77 173
87 17 69 173
92 13 68 173
57 93 23 173
83 56 34 173
31 58 84 173
76 17 80 173
62 52 59 173
35 71 67 173
94 49 31 174
74 96 4 174
64 26 84 174
7 87 80 174
77 12 85 174
81 82 11 174
79 15 80 174
92 45 37 174
33 57 84 174
45 43 86 174
84 75 15 174
74 89 11 174
16 69 89 174
55 79 40 174
57 22 95 174
91 5 78 174
72 60 42 174
83 70 21 174
97 17 60 174
72 12 90 174
21 86 67 174
92 72 10 174
71 32 71 174
71 47 56 174
87 1 86 174
20 63 91 174
56 68 50 174
14 80 80 174
49 84 41 174
69 70 35 174
69 60 45 174
19 87 68 174
35 50 89 174
72 40 62 174
82 42 50 174
98 1 75 174
59 79 36 174
83 76 15 174
90 8 76 174
86 45 43 174
41 36 97 174
80 64 30 174
83 50 41 174
6 92 76 174
70 83 21 174
7 70 97 174
96 23 55 174
41 39 94 174
68 77 29 174
2 75 97 174
74 11 89 174
82 87 5 174
30 86 58 174
97 48 29 174
67 22 86 175
98 54 23 175
96 3 76 175
37 60 78 175
14 79 82 175
96 68 11 175
26 76 73 175
89 17 69 175
76 18 81 175
15 63 97 175
51 95 29 175
72 82 21 175
12 70 93 175
47 71 57 175
76 70 29 175
71 34 70 175
54 31 90 175
69 7 99 175
49 61 65 175
84 81 10 175
28 84 63 175
20 96 59 175
6 77 92 175
86 71 18 175
69 32 74 175
81 61 33 175
53 95 27 175
77 47 51 175
31 76 68 175
83 44 48 175
28 90 57 175
62 23 90 175
71 60 44 175
50 55 70 175
33 84 58 175
60 16 99 175
33 63 79 175
45 58 72 175
50 42 83 175
94 67 15 176
6 86 84 176
50 51 75 176
99 33 44 176
19 72 85 176
17 83 76 176
39 59 78 176
47 90 39 176
85 5 86 176
66 33 77 176
62 69 45 176
23 78 75 176
46 84 46 176
47 46 83 176
53 24 99 176
78 42 56 176
95 7 74 176
56 75 45 176
91 41 44 176
81 92 3 176
51 56 69 176
26 69 81 176
73 59 44 176
74 40 62 176
62 24 90 176
40 59 77 176
52 83 42 177
95 2 80 177
78 23 76 177
75 48 54 177
70 59 48 177
2 95 80 177
64 64 49 177
27 54 96 177
44 62 71 177
77 24 76 177
37 69 71 177
51 27 99 177
78 64 35 177
14 72 91 177
74 45 58 177
81 88 8 177
62 99 16 177
37 64 76 177
98 30 49 177
32 52 93 177
39 73 65 177
89 49 39 177
41 87 49 177
81 72 24 177
48 39 90 177
33 87 57 177
31 84 62 177
54 29 94 177
77 18 82 177
18 83 76 177
62 54 61 177
45 64 68 177
29 63 85 177
61 72 44 177
96 33 48 177
32 90 55 177
63 33 81 177
67 87 23 177
13 78 86 177
90 55 32 177
17 95 65 177
85 29 63 177
99 24 54 177
77 99 1 177
66 17 95 178
35 80 63 178
96 66 16 178
50 84 44 178
44 77 57 178
84 23 71 178
93 41 44 178
84 44 50 178
74 22 82 178
59 96 23 178
19 66 93 178
86 88 4 178
45 37 96 178
12 77 89 178
88 28 62 178
71 63 44 178
59 38 81 178
17 87 74 178
32 49 97 178
99 48 31 178
44 48 86 178
23 99 56 178
76 87 15 178
3 91 84 178
41 62 75 178
91 19 68 178
60 88 30 178
45 88 45 178
22 74 82 178
63 57 58 178
88 81 9 178
56 92 30 178
16 94 69 179
78 8 93 179
79 62 38 179
75 94 10 179
65 50 64 179
36 91 52 179
64 98 17 179
74 76 29 179
96 59 24 179
85 52 42 179
59 30 90 179
71 91 17 179
50 37 92 179
76 54 49 179
76 80 23 179
92 70 17 179
96 52 31 179
53 75 51 179
45 66 68 179
58 31 90 179
7 74 98 179
82 22 75 179
55 74 50 179
84 66 29 179
15 75 89 179
69 52 58 179
78 50 51 179
66 85 29 180
22 95 63 180
57 51 72 180
86 35 59 180
78 98 4 180
76 14 90 180
97 77 6 180
41 57 82 180
58 57 65 180
62 57 61 180
30 87 63 180
87 62 31 180
73 96 11 180
95 74 11 180
66 85 29 180
19 79 82 180
75 8 97 180
54 77 49 180
34 98 48 180
72 62 46 180
84 89 7 180
72 39 69 180
88 67 25 180
75 28 77 180
72 60 48 180
26 99 55 180
34 96 50 180
43 78 59 180
45 75 60 180
63 57 60 180
62 59 59 180
27 73 80 180
21 90 69 180
49 51 80 180
23 77 80 180
47 65 68 180
56 93 31 180
85 46 49 180
63 59 58 180
15 73 92 180
48 37 95 180
99 59 22 180
81 80 19 180
41 57 82 180
59 29 92 180
99 7 74 180
74 45 61 180
8 88 84 180
21 86 73 180
71 34 75 180
87 54 39 180
59 33 89 181
66 43 72 181
86 14 81 181
20 83 78 181
99 38 44 181
93 15 73 181
36 46 99 181
72 99 10 181
87 41 53 181
64 59 58 181
5 95 81 181
53 39 89 181
72 40 69 181
70 94 17 181
63 57 61 181
43 42 96 181
6 79 96 181
52 51 78 181
85 63 33 181
61 34 86 181
83 30 68 181
96 74 11 181
55 97 29 181
15 83 83 181
42 48 91 181
59 47 75 181
78 25 78 181
98 71 12 181
98 19 64 181
60 36 85 181
51 52 78 181
64 98 19 181
91 9 81 181
40 77 64 181
88 38 55 181
35 70 76 181
20 97 64 181
84 50 47 181
48 40 93 181
91 18 72 181
68 90 23 181
86 84 11 181
29 87 65 181
83 45 53 181
62 49 70 181
76 96 9 181
81 40 60 181
32 69 80 181
57 36 88 181
12 74 95 181
15 88 78 181
30 64 87 181
73 26 83 182
96 80 6 182
67 41 74 182
64 42 76 182
95 38 49 182
60 34 88 182
25 89 68 182
34 79 69 182
87 91 4 182
40 64 78 182
61 86 35 182
91 51 40 182
17 80 85 182
25 89 68 182
89 39 54 182
88 86 8 182
98 35 49 182
90 91 1 182
27 83 72 182
85 57 40 182
74 84 24 182
67 31 84 182
68 30 84 182
71 17 94 182
85 61 36 182
83 16 83 182
75 84 23 182
33 57 92 182
74 27 81 182
94 6 82 182
73 93 16 182
99 28 55 182
72 60 50 182
52 92 38 182
90 41 51 182
90 4 88 182
46 88 48 182
83 79 20 182
66 82 34 182
36 94 52 182
84 97 2 183
38 65 80 183
69 39 75 183
14 70 99 183
38 60 85 183
66 89 28 183
49 45 89 183
38 98 47 183
89 3 91 183
53 85 45 183
44 96 43 183
95 13 75 183
84 5 94 183
30 64 89 183
14 94 75 183
82 10 91 183
89 42 52 183
68 42 73 183
47 98 38 183
59 48 76 183
23 79 81 183
72 96 15 183
34 86 63 183
12 79 92 183
51 39 93 183
69 46 68 183
73 91 19 183
87 91 5 183
49 44 90 183
74 44 65 183
37 99 47 183
14 76 93 183
85 21 77 183
16 69 98 183
83 43 57 183
43 98 42 183
47 42 95 184
85 47 52 184
41 97 46 184
82 16 86 184
55 54 75 184
92 79 13 184
89 60 35 184
67 70 47 184
93 29 62 184
50 64 70 184
92 38 54 184
87 43 54 184
50 38 96 184
67 64 53 184
70 64 50 184
54 93 37 184
8 82 94 184
99 14 71 184
79 16 89 184
88 73 23 184
58 40 86 184
20 93 71 184
72 73 39 184
22 70 92 184
2 84 98 184
98 23 63 184
74 64 46 184
70 17 97 184
99 31 54 184
73 62 49 184
95 25 64 184
94 84 6 184
28 77 79 184
44 80 60 184
82 44 58 184
51 68 65 184
14 90 80 184
57 66 61 184
88 51 45 184
34 89 61 184
83 48 53 184
20 70 94 184
99 26 59 184
40 67 77 184
95 37 52 184
90 92 2 184
66 66 52 184
89 21 75 185
93 57 35 185
60 54 71 185
4 86 95 185
77 85 23 185
51 71 63 185
54 93 38 185
71 37 77 185
87 85 13 185
68 82 35 185
86 48 51 185
89 25 71 185
1 93 91 185
68 80 37 185
43 45 97 185
92 46 47 185
98 44 43 185
96 88 1 185
85 11 89 185
61 59 65 185
83 15 87 185
58 37 90 185
86 70 29 185
9 95 81 185
60 52 73 185
92 34 59 185
82 56 47 185
76 40 69 185
15 76 94 185
85 4 96 185
33 71 81 185
39 62 84 185
41 84 60 185
15 98 72 185
95 35 55 185
55 85 45 185
43 61 81 185
69 97 19 185
86 20 79 185
51 53 81 185
93 13 80 186
82 55 49 186
54 93 39 186
34 70 82 186
77 85 24 186
62 47 77 186
94 42 50 186
53 49 84 186
44 93 49 186
67 22 97 186
87 59 40 186
77 51 58 186
95 6 85 186
22 69 95 186
54 44 88 186
15 94 77 186
60 96 30 186
81 48 57 186
81 11 94 186
71 40 75 186
68 74 44 186
35 54 97 186
82 99 5 186
88 23 75 186
85 35 66 186
56 58 72 186
70 67 49 186
92 24 70 186
91 87 8 186
67 81 38 186
29 70 87 186
72 31 83 186
76 36 74 186
33 65 88 186
95 32 59 186
88 25 73 186
77 24 86 187
28 93 66 187
39 58 90 187
69 57 61 187
68 34 85 187
85 50 52 187
59 66 62 187
98 37 52 187
57 74 56 187
73 93 21 187
51 43 93 187
45 77 65 187
84 82 21 187
99 81 7 187
66 84 37 187
3 91 93 187
68 36 83 187
21 78 88 187
23 96 68 187
30 61 96 187
85 35 67 187
57 81 49 187
61 71 55 187
37 82 68 187
97 61 29 187
47 79 61 187
31 77 79 187
74 82 31 187
82 41 64 187
36 70 81 187
94 9 84 187
89 46 52 187
64 57 66 187
85 88 14 187
45 80 62 187
10 93 84 187
9 96 82 187
76 60 51 187
8 88 91 187
72 84 32 188
29 74 85 188
53 49 86 188
32 87 69 188
33 93 62 188
92 32 64 188
16 89 83 188
52 85 51 188
96 71 21 188
30 94 64 188
57 52 79 188
76 75 37 188
74 93 21 188
95 25 68 188
39 63 86 188
75 87 26 188
75 70 43 188
64 30 94 188
91 53 44 188
45 64 79 188
35 69 84 188
31 76 81 188
82 60 46 188
70 39 79 188
81 93 14 188
92 66 30 188
13 82 93 188
63 83 42 188
30 88 70 188
73 65 50 188
60 84 44 188
40 57 91 188
6 92 91 189
79 62 48 189
82 57 50 189
63 36 90 189
26 75 88 189
53 84 52 189
57 88 44 189
78 97 14 189
41 74 74 189
74 81 34 189
30 88 71 189
98 69 22 189
84 22 83 189
85 43 61 189
79 37 73 189
58 48 83 189
93 28 68 189
93 25 71 189
97 25 67 189
90 9 90 189
63 31 95 189
78 26 85 189
98 2 89 189
83 66 40 189
9 98 82 189
44 49 96 189
36 98 55 189
75 95 19 189
70 52 67 189
57 63 69 189
87 59 43 189
87 46 56 189
48 86 56 190
38 98 54 190
84 43 63 190
87 62 41 190
63 53 74 190
69 40 81 190
59 44 87 190
89 46 55 190
58 57 75 190
39 85 66 190
77 27 86 190
89 45 56 190
46 87 57 190
63 49 78 190
68 97 25 190
73 20 97 190
49 69 72 190
79 20 91 190
6 85 99 190
47 88 55 190
59 65 66 190
98 50 42 190
68 70 52 190
84 33 73 190
21 74 95 190
31 93 66 190
31 81 78 190
77 45 68 190
72 31 87 190
37 58 95 190
64 58 68 190
88 50 52 190
76 63 51 190
62 86 43 191
65 80 46 191
28 68 95 191
41 96 54 191
98 4 89 191
45 99 47 191
87 40 64 191
81 15 95 191
74 55 62 191
87 12 92 191
55 49 87 191
48 79 64 191
49 93 49 191
49 84 58 191
40 99 52 191
92 47 52 191
64 43 84 191
83 10 98 191
94 91 6 191
46 46 99 191
96 37 58 191
27 71 93 191
83 95 13 191
19 90 82 191
36 91 64 191
72 33 86 191
84 29 79 192
84 94 14 192
39 64 89 192
52 71 69 192
91 71 30 192
78 16 98 192
30 91 71 192
58 44 90 192
70 55 67 192
84 72 36 192
87 77 28 192
86 38 68 192
41 88 63 192
47 93 52 192
45 63 84 192
43 76 73 192
80 37 75 192
60 94 38 192
97 59 36 192
53 66 73 192
85 9 98 192
89 49 54 192
76 60 56 192
34 97 61 192
74 51 67 192
31 99 62 192
89 35 68 192
86 42 64 192
38 69 85 192
62 76 54 192
79 38 75 192
61 71 60 192
71 84 37 192
20 78 94 192
57 42 93 192
88 61 43 192
86 8 98 192
39 62 92 193
78 41 74 193
22 87 84 193
59 91 43 193
63 86 44 193
48 79 66 193
96 15 82 193
71 37 85 193
87 39 67 193
94 33 66 193
89 39 65 193
36 74 83 193
73 95 25 193
74 34 85 193
87 76 30 193
28 89 76 193
45 53 95 193
57 88 48 193
90 13 90 193
27 96 70 193
91 84 18 193
18 93 82 193
44 53 96 193
66 53 74 193
58 92 43 193
83 26 84 193
95 5 93 193
45 64 84 193
93 69 31 193
39 87 67 193
42 79 72 193
95 22 76 193
90 7 96 193
97 44 52 193
64 50 79 193
51 85 58 194
86 45 63 194
29 87 78 194
72 79 43 194
35 78 81 194
72 92 30 194
19 94 81 194
75 54 65 194
95 7 92 194
81 54 59 194
75 70 49 194
36 66 92 194
19 84 91 194
96 49 49 194
56 66 72 194
99 35 60 194
91 99 4 194
76 73 45 194
47 52 95 194
58 83 53 194
41 68 85 194
90 37 67 194
91 85 18 194
39 69 86 194
69 60 65 194
33 90 71 194
85 65 44 194
32 69 93 194
71 34 89 194
39 85 70 194
39 78 77 194
60 44 90 194
99 21 74 194
88 76 30 194
53 60 81 194
28 98 68 194
39 64 91 194
90 10 94 194
73 36 85 194
46 61 87 194
87 46 61 194
74 31 89 194
36 80 79 195
55 69 71 195
89 11 95 195
51 62 82 195
94 91 10 195
33 65 97 195
92 7 96 195
28 86 81 195
88 51 56 195
89 97 9 195
20 90 85 195
89 13 93 195
97 66 32 195
74 67 54 195
41 94 60 195
75 68 52 195
41 92 62 195
12 85 98 195
31 71 93 195
50 77 68 195
46 76 73 195
52 77 66 195
24 95 76 195
69 90 36 195
61 56 78 195
14 94 87 195
89 96 10 195
38 91 66 195
65 96 34 195
37 76 82 195
63 39 93 195
60 76 59 195
37 99 59 195
59 39 97 195
93 95 7 195
89 13 93 195
59 49 88 196
99 74 23 196
51 81 64 196
40 95 61 196
21 91 84 196
50 68 78 196
56 97 43 196
88 92 16 196
23 74 99 196
86 69 41 196
82 55 59 196
62 95 39 196
68 37 91 196
43 67 86 196
10 92 94 196
73 89 34 196
93 56 47 196
84 88 24 196
37 77 82 196
68 48 80 196
61 36 99 196
97 5 94 196
97 49 50 196
24 94 78 196
85 52 59 196
87 85 24 196
29 71 96 196
91 20 85 196
28 87 81 196
81 55 60 196
47 71 78 196
86 63 47 196
99 60 37 196
71 37 89 197
76 98 23 197
57 73 67 197
85 21 91 197
79 29 89 197
95 70 32 197
96 87 14 197
29 87 81 197
70 88 39 197
32 93 72 197
97 11 89 197
65 80 52 197
73 80 44 197
97 22 78 197
90 77 30 197
8 98 91 197
80 61 56 197
60 97 40 197
62 84 51 197
61 92 44 197
69 40 88 197
88 75 34 197
80 22 95 197
64 49 84 197
41 92 64 197
72 91 34 197
90 19 88 197
85 28 84 197
25 98 74 197
61 55 81 197
34 69 94 197
62 83 52 197
83 93 21 197
60 98 39 197
70 43 84 197
25 97 75 197
73 54 70 197
50 53 95 198
89 14 95 198
83 20 95 198
99 74 25 198
90 41 67 198
13 97 88 198
61 59 78 198
67 74 57 198
43 81 74 198
87 80 31 198
85 22 91 198
30 81 87 198
48 62 88 198
80 32 86 198
29 92 77 198
99 89 10 198
81 79 38 198
97 83 18 198
90 61 47 198
79 63 56 198
87 22 89 198
87 28 83 198
85 37 76 198
87 81 30 198
93 47 58 198
99 28 71 198
10 90 98 198
92 51 55 198
65 96 38 199
85 87 27 199
96 68 35 199
52 73 74 199
66 68 65 199
83 61 55 199
62 72 65 199
97 3 99 199
48 57 94 199
96 63 40 199
91 26 82 199
87 59 53 199
76 61 62 199
75 28 96 199
44 68 87 199
65 60 74 199
63 83 53 199
89 46 64 199
94 79 26 199
91 35 73 199
29 91 79 199
67 82 50 199
82 94 23 199
79 29 91 199
97 35 67 199
77 76 46 199
88 34 77 199
45 75 79 199
20 89 90 199
44 81 74 199
75 92 32 199
67 45 87 199
68 54 78 200
42 88 70 200
70 54 76 200
80 93 27 200
60 51 89 200
51 50 99 200
26 76 98 200
77 60 63 200
95 66 39 200
65 77 58 200
86 32 82 200
79 94 27 200
52 64 84 200
94 47 59 200
23 82 95 200
30 83 87 200
62 65 73 200
82 55 63 200
42 69 89 200
65 72 63 200
57 96 47 200
72 43 85 200
68 73 59 200
69 74 57 200
69 86 45 200
69 79 52 200
43 62 95 200
37 69 94 200
33 83 84 200
27 97 76 200
90 79 31 200
9 99 92 200
61 45 94 200
91 53 56 200
93 57 50 200
88 69 44 201
60 77 64 201
41 83 77 201
94 32 75 201
61 89 51 201
68 46 87 201
75 29 97 201
42 87 72 201
23 85 93 201
95 70 36 201
41 66 94 201
99 71 31 201
72 90 39 201
74 49 78 201
90 25 86 201
95 53 53 201
87 28 86 201
14 96 91 201
65 86 50 201
94 98 9 201
90 18 93 201
84 89 28 201
89 14 98 201
84 81 36 201
34 99 68 201
76 66 59 201
86 99 16 201
76 81 44 201
95 12 94 201
40 65 96 201
96 59 46 201
77 42 82 201
89 33 80 202
66 51 85 202
52 55 95 202
67 80 55 202
73 39 90 202
22 98 82 202
92 81 29 202
41 65 96 202
88 76 38 202
63 94 45 202
86 19 97 202
51 85 66 202
61 83 58 202
65 96 41 202
49 88 65 202
72 38 92 202
74 44 84 202
40 96 66 202
90 21 91 202
43 61 98 202
34 87 81 202
88 47 67 202
38 80 84 202
58 76 68 202
98 11 93 202
52 73 77 202
88 28 86 202
51 86 65 202
34 79 89 202
52 88 62 202
98 86 18 202
78 57 68 203
36 75 92 203
88 47 68 203
82 49 72 203
72 53 78 203
58 50 95 203
73 74 56 203
49 75 79 203
58 98 47 203
97 74 32 203
85 55 63 203
26 86 91 203
75 32 96 203
28 86 89 203
91 67 45 203
57 48 98 203
58 86 59 203
93 68 42 203
97 53 53 203
93 19 91 203
35 71 97 203
94 35 74 203
91 63 49 203
30 80 94 204
57 77 70 204
83 75 46 204
79 72 53 204
26 84 94 204
73 40 91 204
52 82 70 204
55 72 77 204
33 88 83 204
68 81 55 204
91 35 78 204
52 94 58 204
93 27 84 204
48 94 62 204
80 46 78 204
95 75 34 204
83 34 87 204
27 82 95 204
67 95 42 204
53 67 84 204
92 66 46 204
22 94 88 204
62 82 60 204
75 55 74 204
96 14 94 204
80 69 55 204
88 18 99 205
76 71 58 205
50 77 78 205
71 85 49 205
21 88 96 205
21 93 91 205
90 66 49 205
68 56 81 205
90 24 91 205
63 63 79 205
85 60 60 205
52 88 65 205
93 57 55 205
63 82 60 205
97 99 9 205
69 38 98 205
96 57 52 205
47 90 68 205
95 46 64 205
58 53 94 205
70 92 43 205
98 94 13 205
73 64 68 205
44 78 83 205
47 67 91 205
37 84 84 205
97 36 72 205
97 43 65 205
39 81 85 205
53 95 58 206
89 85 32 206
18 95 93 206
31 83 92 206
59 84 63 206
47 65 94 206
84 53 69 206
83 76 47 206
94 42 70 206
41 99 66 206
51 88 67 206
10 99 97 206
47 68 91 206
93 34 79 206
93 57 56 206
31 88 87 206
51 60 95 206
87 47 72 206
66 78 62 206
69 45 92 206
85 61 60 206
18 94 94 206
57 91 58 206
82 89 35 206
97 22 87 206
59 56 91 206
92 76 38 206
92 33 81 206
51 91 65 207
91 47 69 207
42 89 76 207
30 92 85 207
91 77 39 207
88 54 65 207
77 95 35 207
78 45 84 207
73 66 68 207
45 76 86 207
87 77 43 207
22 86 99 207
80 31 96 207
54 86 67 207
77 58 72 207
24 94 89 207
85 68 54 207
60 86 61 207
69 86 52 207
93 81 33 207
22 89 96 207
89 70 48 207
78 68 61 207
40 75 92 207
39 98 70 207
34 79 95 208
62 62 84 208
70 80 58 208
86 79 43 208
55 70 83 208
67 46 95 208
73 76 59 208
87 40 81 208
91 76 41 208
90 57 61 208
41 79 88 208
74 63 71 208
25 89 94 208
51 78 79 208
91 22 95 208
66 78 64 208
82 85 41 208
72 53 83 208
72 50 86 208
68 75 66 209
71 66 72 209
88 98 23 209
70 69 70 209
76 61 72 209
83 30 96 209
62 70 77 209
55 59 95 209
44 87 78 209
68 42 99 209
87 32 90 209
60 85 64 209
34 80 95 209
49 65 95 209
76 48 85 209
80 80 49 209
63 70 76 209
62 94 53 209
63 86 60 209
73 96 40 209
50 85 74 209
94 32 83 209
59 67 83 209
83 52 74 209
32 90 87 209
99 87 23 209
31 89 89 209
95 60 54 209
90 63 56 209
55 61 93 209
60 77 73 210
98 66 46 210
95 72 43 210
44 74 92 210
44 94 72 210
40 80 90 210
63 49 98 210
49 83 78 210
48 78 84 210
46 94 70 210
51 98 61 210
57 56 97 210
83 54 73 210
70 94 46 210
93 97 20 210
93 93 24 210
79 81 50 210
72 40 98 210
79 51 80 210
65 77 68 210
80 84 46 210
58 57 95 210
32 83 95 210
78 97 35 210
77 61 72 210
76 73 61 210
99 57 54 210
97 24 90 211
88 36 87 211
80 41 90 211
32 93 86 211
99 96 16 211
99 95 17 211
73 50 88 211
57 88 66 211
86 65 60 211
39 79 93 211
60 84 67 211
82 40 89 211
55 62 94 211
37 96 78 211
66 56 89 211
59 57 95 211
71 88 52 211
49 81 81 211
98 76 37 211
29 92 90 211
93 52 66 211
84 55 72 211
77 43 91 211
88 58 65 211
82 42 87 211
90 42 79 211
26 89 96 211
81 77 53 211
45 91 75 211
55 69 87 211
73 99 39 211
66 71 75 212
74 96 42 212
44 94 74 212
35 83 94 212
98 64 50 212
56 69 87 212
39 77 96 212
46 81 85 212
83 36 93 212
94 72 46 212
70 72 70 212
86 60 66 212
68 79 65 212
96 22 94 212
81 40 91 212
28 95 89 212
44 69 99 212
73 69 70 212
75 75 62 212
58 96 58 212
43 81 88 212
41 90 81 212
74 75 63 212
36 92 85 213
47 96 70 213
93 99 21 213
59 56 98 213
60 90 63 213
90 40 83 213
66 67 80 213
44 70 99 213
76 81 56 213
37 98 78 213
85 99 29 213
92 52 69 213
66 51 96 213
59 94 60 213
91 52 70 213
94 51 68 213
89 93 31 213
89 60 65 214
54 86 74 214
94 77 43 214
91 35 88 214
64 80 70 214
71 54 89 214
95 31 88 214
20 99 95 214
63 65 86 214
52 83 79 214
34 93 87 214
95 61 58 214
80 63 71 214
97 43 74 214
30 89 95 214
82 72 60 214
41 78 95 214
33 96 85 214
43 95 76 214
85 50 79 214
52 86 76 214
52 92 70 214
94 48 72 214
92 82 40 214
89 48 77 214
54 72 88 214
91 99 24 214
90 59 65 214
40 83 92 215
51 97 67 215
81 75 59 215
38 99 78 215
91 58 66 215
77 52 86 215
42 75 98 215
97 81 37 215
88 28 99 215
68 97 50 215
66 70 79 215
94 22 99 215
96 74 45 215
94 50 71 215
88 86 42 216
71 51 94 216
81 53 82 216
88 96 32 216
92 82 42 216
56 78 82 216
37 94 85 216
48 93 75 216
84 38 94 216
62 92 62 216
93 84 39 216
82 84 50 216
84 40 92 216
43 83 90 216
76 72 68 216
83 48 85 216
75 81 60 216
38 88 90 216
28 90 98 216
60 98 58 216
63 75 78 216
36 94 87 217
98 72 47 217
86 43 88 217
81 65 71 217
98 68 51 217
86 56 75 217
58 60 99 217
89 45 83 217
81 85 51 217
63 61 93 217
29 89 99 217
58 76 83 217
60 93 64 217
88 89 40 217
78 42 97 217
73 56 88 217
48 70 99 217
66 81 70 217
36 97 84 217
45 93 79 217
83 58 76 217
86 47 84 217
53 66 98 217
66 77 75 218
69 62 87 218
73 67 78 218
54 66 98 218
60 59 99 218
82 88 48 218
87 49 82 218
55 89 74 218
93 40 85 218
75 70 73 218
50 71 97 218
67 61 90 218
99 74 46 219
70 61 88 219
71 66 82 219
89 76 54 219
78 47 94 219
77 52 90 219
65 86 68 219
35 88 96 219
64 91 64 219
89 87 43 219
43 91 85 219
74 87 58 219
88 99 32 219
74 87 58 219
38 91 90 219
71 74 74 219
39 98 82 219
68 90 61 219
93 65 61 219
80 99 40 219
61 66 92 219
88 47 84 219
39 95 86 220
99 38 83 220
71 56 93 220
41 81 98 220
97 57 66 220
88 41 91 220
79 58 83 220
66 92 62 220
89 90 41 220
48 81 91 220
70 99 51 220
51 96 73 220
94 76 50 220
53 85 82 220
98 62 60 220
98 99 23 220
90 70 60 220
60 97 63 220
50 91 79 220
95 61 64 220
34 93 94 221
90 43 88 221
79 65 77 221
95 75 51 221
42 96 83 221
60 69 92 221
43 93 85 221
96 51 74 221
85 63 73 221
67 55 99 221
82 61 78 221
97 70 54 221
99 48 74 221
68 60 93 221
98 80 43 221
96 51 74 221
27 99 95 221
47 77 97 221
95 31 95 221
94 32 95 221
65 93 64 222
88 89 45 222
89 41 92 222
94 91 37 222
94 62 66 222
53 82 87 222
39 99 84 222
89 39 94 222
45 88 89 222
96 62 64 222
90 71 61 222
82 87 53 222
66 73 83 222
78 54 90 222
99 26 97 222
81 52 89 222
98 45 79 222
55 91 76 222
68 65 89 222
44 90 88 222
82 82 58 222
88 96 39 223
37 96 90 223
80 51 92 223
55 78 90 223
92 92 39 223
99 84 40 223
97 47 79 223
80 60 83 223
80 61 82 223
33 94 96 223
84 54 85 223
80 49 94 223
28 96 99 223
75 88 60 223
80 75 68 223
74 54 95 223
93 34 96 223
98 36 89 223
70 97 56 223
72 53 98 223
75 78 71 224
94 66 64 224
91 68 65 224
87 55 82 224
86 57 81 224
77 48 99 224
91 89 44 224
93 77 54 224
90 41 93 224
85 96 43 224
44 86 94 224
87 52 85 224
79 59 86 224
93 73 58 224
73 64 87 224
89 64 71 224
85 95 44 224
78 91 56 225
91 82 52 225
80 69 76 225
63 72 90 225
92 77 56 225
44 91 90 225
67 83 75 225
99 32 94 225
84 76 65 225
50 84 91 225
85 83 57 225
82 86 57 225
74 62 89 225
48 79 98 225
78 81 66 225
91 54 80 225
59 73 93 225
36 93 96 225
55 94 77 226
65 85 76 226
85 89 52 226
88 41 97 226
67 66 93 226
55 90 81 226
79 58 89 226
77 97 52 226
78 53 95 226
74 90 62 226
57 85 84 226
81 74 72 227
81 53 93 227
66 64 97 227
84 97 46 227
70 87 70 227
84 73 70 227
82 55 90 227
88 51 88 227
74 62 91 227
79 69 79 227
63 88 76 227
86 92 49 227
98 30 99 227
88 66 73 227
96 54 77 227
41 94 92 227
55 87 85 227
96 77 54 227
90 49 88 227
51 85 91 227
77 97 53 227
67 93 67 227
58 77 93 228
75 79 74 228
87 88 53 228
98 66 64 228
98 74 56 228
48 98 82 228
40 92 96 228
95 66 67 228
96 62 70 228
72 59 97 228
49 91 89 229
80 94 55 229
76 85 68 229
78 96 55 229
57 93 79 229
84 60 86 230
83 74 73 230
61 80 89 230
64 82 84 230
73 78 79 230
68 64 98 230
85 74 71 230
87 76 67 230
78 76 76 230
47 91 92 230
95 50 85 230
92 51 87 230
97 59 74 230
42 91 97 230
99 34 97 230
65 91 75 231
69 68 94 231
40 99 92 231
81 87 63 231
82 50 99 231
97 88 46 231
62 90 79 231
79 53 99 231
68 71 92 231
99 65 67 231
63 81 88 232
65 85 82 232
89 94 49 232
91 59 82 232
71 76 85 232
86 74 72 232
51 95 86 232
53 80 99 232
96 58 78 232
67 70 95 232
92 60 81 233
61 88 84 233
96 74 63 233
91 89 53 233
44 91 98 233
72 63 98 233
87 65 81 233
46 92 95 233
56 88 89 233
75 82 76 233
92 91 50 233
83 75 75 233
88 75 70 233
58 90 85 233
77 97 59 233
95 59 79 233
90 60 84 234
81 71 82 234
80 83 71 234
88 50 96 234
92 95 47 234
77 73 84 234
97 95 42 234
60 92 82 234
77 97 60 234
61 76 98 235
63 74 98 235
80 69 86 235
99 92 44 235
98 66 71 235
99 88 48 235
92 44 99 235
99 87 49 235
75 67 93 235
83 92 60 235
78 83 74 235
88 82 65 235
65 74 96 235
94 66 75 235
49 88 98 235
51 89 95 235
96 82 58 236
89 91 56 236
85 81 70 236
92 82 62 236
91 83 62 236
78 78 81 237
50 99 88 237
97 86 54 237
95 83 59 237
53 90 94 237
92 97 48 237
85 58 94 237
90 67 80 237
87 64 86 237
80 58 99 237
99 59 79 237
85 91 61 237
85 79 73 237
59 93 85 237
94 70 73 237
98 72 68 238
76 89 73 238
79 75 84 238
83 84 71 238
85 96 57 238
85 77 76 238
61 95 82 238
70 99 69 238
93 90 55 238
84 82 72 238
92 81 65 238
95 77 67 239
85 90 64 239
97 55 87 239
89 79 71 239
88 56 95 239
61 90 88 239
87 97 55 239
66 90 83 239
91 82 66 239
86 55 98 239
70 80 90 240
75 80 85 240
85 69 86 240
98 52 90 240
96 66 78 240
49 99 92 240
94 92 54 240
97 64 79 240
79 63 98 240
71 93 76 240
99 46 95 240
99 49 92 240
74 86 80 240
75 92 74 241
71 88 82 241
81 83 77 241
60 84 97 241
63 83 95 241
80 94 67 241
97 68 76 241
97 97 47 241
76 82 83 241
82 65 94 241
65 98 78 241
85 63 93 241
94 78 69 241
99 65 78 242
82 83 77 242
88 70 84 242
74 79 89 242
61 85 96 242
80 77 86 243
81 87 75 243
95 62 86 243
91 60 92 243
69 96 78 243
78 83 82 243
60 84 99 243
76 79 88 243
99 90 54 243
67 96 80 243
60 89 95 244
94 67 83 244
88 84 72 244
70 87 87 244
70 96 78 244
74 92 78 244
86 88 70 244
60 86 98 244
99 48 97 244
99 59 87 245
95 68 82 245
75 93 77 245
67 97 81 245
77 99 69 245
92 84 69 245
99 66 80 245
94 63 88 245
82 90 74 246
87 75 84 246
62 89 95 246
98 61 88 247
96 79 72 247
99 71 77 247
94 94 59 247
69 94 84 247
90 69 88 247
61 95 92 248
85 84 79 248
88 75 85 248
65 89 94 248
88 73 87 248
97 61 90 248
91 77 81 249
91 66 92 249
90 60 99 249
79 77 93 249
90 63 96 249
73 84 92 249
61 99 89 249
75 85 89 249
70 97 83 250
91 68 91 250
97 97 56 250
72 82 96 250
69 98 83 250
90 62 99 251
67 87 97 251
98 56 97 251
97 65 89 251
92 85 74 251
94 71 86 251
91 89 71 251
97 78 76 251
95 85 72 252
72 97 83 252
97 72 83 252
88 76 88 252
84 70 98 252
97 85 71 253
95 75 83 253
86 71 96 253
81 99 73 253
59 97 98 254
91 90 73 254
71 84 99 254
82 91 81 254
72 97 85 254
87 92 75 254
86 76 92 254
95 75 84 254
87 94 73 254
76 91 88 255
83 89 83 255
94 80 81 255
78 91 87 256
89 89 78 256
69 99 88 256
87 94 75 256
88 75 93 256
83 91 82 256
69 98 90 257
96 89 72 257
81 92 84 257
84 95 79 258
62 98 98 258
75 96 87 258
90 99 69 258
73 96 89 258
84 83 91 258
84 95 80 259
86 86 87 259
98 93 68 259
88 73 98 259
87 84 89 260
88 76 96 260
99 79 82 260
76 91 93 260
74 92 94 260
80 89 92 261
78 93 90 261
95 84 82 261
91 80 90 261
69 95 97 261
90 77 94 261
74 97 91 262
66 98 98 262
92 93 77 262
89 74 99 262
66 97 99 262
83 83 96 262
94 86 83 263
83 97 83 263
86 82 95 263
82 90 91 263
68 98 97 263
91 92 81 264
78 98 88 264
81 86 98 265
94 92 79 265
77 98 91 266
97 88 81 266
80 93 94 267
80 90 98 268
96 78 94 268
87 97 84 268
85 97 86 268
85 86 97 268
94 79 96 269
76 95 99 270
93 87 90 270
87 92 91 270
86 87 97 270
91 86 95 272
87 99 86 272
95 89 88 272
85 88 99 272
83 94 95 272
97 95 81 273
99 92 82 273
92 87 94 273
90 87 97 274
95 84 95 274
86 92 98 276
95 98 84 277
91 98 90 279
93 99 88 280
87 95 99 281
91 92 98 281
86 98 97 281
93 93 95 281
95 90 96 281
92 93 97 282
99 85 98 282
94 92 96 282
89 97 97 283
91 94 99 284
90 97 99 286
97 98 97 292
Sorting time: 0.035755 seconds