23 9 7 39
30 11 2 43
31 10 13 54
25 3 28 56
19 15 23 57
28 3 34 65
58 7 3 68
14 52 14 80
62 14 5 81
3 54 31 88
60 5 29 94
39 35 20 94
11 63 33 107
51 20 37 108
62 42 6 110
26 49 35 110
45 19 46 110
64 43 3 110
34 3 77 114
31 55 30 116
59 42 17 118
37 29 53 119
30 24 67 121
26 1 94 121
43 44 38 125
22 22 82 126
34 7 86 127
51 46 31 128
9 38 81 128
40 32 58 130
15 28 87 130
12 62 64 138
31 14 93 138
42 40 57 139
15 60 65 140
22 96 24 142
33 23 86 142
11 51 83 145
67 31 52 150
96 47 8 151
68 6 78 152
48 90 16 154
70 67 18 155
39 70 47 156
37 24 98 159
33 64 62 159
91 39 30 160
64 46 56 166
83 65 18 166
69 84 15 168
78 58 32 168
63 9 97 169
14 85 70 169
85 74 11 170
27 90 56 173
7 91 76 174
70 80 25 175
29 83 63 175
89 37 49 175
73 36 66 175
54 62 60 176
19 62 97 178
97 82 1 180
80 97 5 182
55 39 90 184
76 50 60 186
32 68 86 186
93 43 52 188
26 72 90 188
74 78 37 189
56 96 38 190
95 67 28 190
67 97 28 192
82 37 73 192
39 71 84 194
71 30 93 194
47 52 98 197
61 53 87 201
24 83 95 202
95 19 90 204
48 80 77 205
70 80 55 205
90 23 97 210
59 58 94 211
42 92 83 217
46 87 85 218
86 77 56 219
89 52 81 222
71 93 60 224
98 81 48 227
74 94 60 228
94 86 51 231
86 59 88 233
89 77 67 233
92 76 66 234
98 61 98 257
81 97 84 262
97 86 87 270
96 80 95 271
99 99 80 278
Sorting time: 0.000171 seconds