4 10 5 19
12 4 5 21
12 2 7 21
12 6 4 22
16 4 4 24
1 21 4 26
17 4 6 27
1 10 17 28
4 14 11 29
1 28 1 30
6 13 13 32
9 11 12 32
16 16 1 33
16 3 14 33
2 3 28 33
4 14 15 33
7 26 1 34
9 22 4 35
32 3 1 36
2 31 4 37
1 18 19 38
12 5 21 38
6 12 21 39
5 18 18 41
1 16 24 41
6 27 9 42
10 20 12 42
11 10 22 43
6 4 34 44
24 14 7 45
12 30 4 46
18 12 17 47
6 31 11 48
11 12 26 49
20 5 24 49
4 24 21 49
1 13 35 49
37 5 8 50
9 39 2 50
33 16 1 50
24 9 17 50
16 17 18 51
5 23 23 51
20 21 10 51
29 11 11 51
29 16 7 52
1 25 26 52
31 12 9 52
3 49 1 53
27 19 7 53
28 16 10 54
5 9 40 54
25 26 3 54
12 23 19 54
28 18 9 55
52 1 2 55
7 20 28 55
22 28 6 56
14 2 40 56
33 16 7 56
49 7 1 57
7 21 29 57
7 7 43 57
33 8 16 57
8 42 7 57
40 6 11 57
5 20 32 57
25 9 23 57
11 11 35 57
13 20 24 57
33 19 6 58
6 22 30 58
17 13 28 58
11 33 14 58
9 30 19 58
3 3 53 59
19 22 18 59
29 4 26 59
2 1 56 59
2 24 33 59
14 26 19 59
5 13 42 60
12 11 37 60
15 39 6 60
3 29 28 60
3 46 12 61
44 14 3 61
13 19 30 62
13 13 36 62
11 44 7 62
17 23 22 62
6 35 22 63
7 25 31 63
18 40 5 63
2 12 49 63
18 23 22 63
5 49 9 63
30 2 32 64
28 5 31 64
41 11 12 64
8 10 46 64
6 47 11 64
32 13 20 65
6 50 9 65
8 47 10 65
35 7 23 65
8 49 8 65
24 25 16 65
39 14 13 66
16 12 38 66
25 12 29 66
17 13 37 67
13 10 44 67
57 5 5 67
5 24 38 67
15 22 31 68
39 20 9 68
33 14 22 69
58 1 10 69
22 27 20 69
40 19 10 69
49 2 18 69
34 2 33 69
32 12 25 69
51 15 3 69
43 21 6 70
39 30 1 70
42 16 13 71
36 19 16 71
13 50 8 71
29 25 18 72
18 26 28 72
43 1 28 72
38 22 12 72
45 10 18 73
35 36 2 73
9 10 54 73
45 26 2 73
25 18 30 73
12 10 51 73
3 38 32 73
29 18 26 73
7 2 65 74
27 3 44 74
5 16 53 74
20 1 53 74
27 20 28 75
44 30 1 75
47 17 11 75
12 4 59 75
42 3 31 76
39 16 21 76
16 39 21 76
14 29 33 76
11 60 5 76
30 19 27 76
21 30 25 76
64 8 5 77
6 46 25 77
22 23 33 78
10 12 56 78
31 11 36 78
10 58 10 78
57 14 7 78
12 10 56 78
18 8 52 78
26 30 23 79
36 7 36 79
47 30 2 79
14 50 15 79
28 27 24 79
30 17 32 79
23 40 17 80
39 25 16 80
46 28 6 80
34 43 3 80
3 12 65 80
3 72 6 81
25 41 15 81
54 16 11 81
25 52 4 81
43 28 10 81
39 1 41 81
60 16 5 81
40 5 37 82
21 26 35 82
1 13 68 82
6 66 10 82
10 58 14 82
29 19 34 82
13 43 26 82
43 31 8 82
8 10 64 82
33 22 27 82
19 47 16 82
31 34 17 82
26 1 55 82
32 24 27 83
1 9 73 83
26 48 9 83
50 14 19 83
35 35 13 83
43 4 36 83
5 12 66 83
40 5 38 83
70 5 8 83
54 19 11 84
32 17 35 84
20 39 25 84
17 52 15 84
70 8 6 84
18 45 21 84
50 21 13 84
36 14 35 85
16 65 4 85
3 77 5 85
35 22 28 85
11 15 59 85
19 48 18 85
41 6 38 85
12 64 9 85
23 40 22 85
18 53 14 85
50 32 4 86
19 36 31 86
27 31 28 86
53 17 16 86
25 15 46 86
7 54 25 86
57 6 23 86
4 24 58 86
18 23 45 86
39 31 17 87
3 52 32 87
13 65 9 87
41 43 3 87
83 3 1 87
27 29 32 88
8 52 28 88
14 62 12 88
75 1 12 88
30 19 39 88
32 22 34 88
55 28 5 88
58 21 9 88
63 16 9 88
2 40 46 88
45 30 13 88
66 14 9 89
17 20 52 89
56 25 8 89
8 47 34 89
57 19 13 89
21 65 3 89
22 43 25 90
28 6 56 90
71 5 14 90
41 2 47 90
10 73 7 90
54 16 20 90
6 1 84 91
5 43 43 91
6 70 15 91
54 30 7 91
41 44 6 91
25 4 63 92
64 10 18 92
22 40 30 92
15 57 20 92
45 13 34 92
14 5 73 92
29 45 18 92
9 1 82 92
20 29 43 92
9 21 62 92
5 5 82 92
48 29 15 92
3 2 87 92
29 55 8 92
30 33 29 92
32 12 48 92
69 16 7 92
28 29 35 92
36 41 15 92
7 84 2 93
2 73 18 93
20 1 72 93
60 29 4 93
42 19 32 93
25 54 14 93
37 28 28 93
12 80 1 93
72 20 1 93
36 38 19 93
6 80 7 93
43 30 21 94
8 57 29 94
58 30 6 94
42 3 49 94
20 8 66 94
54 27 13 94
2 75 18 95
47 29 19 95
46 45 4 95
33 43 19 95
31 54 10 95
13 23 59 95
2 62 31 95
66 27 2 95
10 9 76 95
46 29 21 96
61 22 13 96
63 1 32 96
32 42 22 96
42 14 40 96
28 32 36 96
31 3 62 96
1 78 17 96
24 41 31 96
60 34 3 97
33 42 22 97
78 14 5 97
2 81 14 97
10 3 84 97
36 50 11 97
38 31 28 97
55 8 34 97
24 14 59 97
44 14 39 97
40 28 30 98
44 20 34 98
10 61 27 98
15 30 53 98
16 42 40 98
30 47 21 98
52 33 13 98
26 33 40 99
66 26 7 99
22 41 36 99
6 6 87 99
16 64 19 99
35 37 27 99
6 86 7 99
7 29 63 99
57 10 32 99
1 92 7 100
7 41 52 100
59 40 1 100
50 2 48 100
46 44 10 100
23 11 66 100
27 52 21 100
40 57 3 100
7 39 54 100
15 34 51 100
39 22 39 100
16 39 45 100
56 13 31 100
28 31 41 100
75 21 4 100
13 50 37 100
44 26 30 100
75 19 6 100
16 8 76 100
45 53 3 101
20 21 60 101
45 52 4 101
18 17 66 101
45 7 49 101
54 22 25 101
16 66 19 101
10 47 44 101
44 43 14 101
25 61 15 101
32 31 39 102
7 19 76 102
5 10 87 102
52 28 22 102
70 7 25 102
52 4 46 102
52 8 42 102
40 17 45 102
16 56 30 102
54 37 11 102
12 5 86 103
17 45 41 103
12 16 75 103
12 67 24 103
92 7 4 103
72 24 7 103
25 54 24 103
8 49 46 103
71 1 31 103
11 71 21 103
76 23 4 103
29 24 50 103
61 36 6 103
2 58 43 103
14 88 1 103
63 17 24 104
34 66 4 104
12 80 12 104
48 8 48 104
68 2 34 104
24 32 48 104
65 32 7 104
23 28 53 104
9 33 62 104
61 17 27 105
5 60 40 105
54 14 37 105
8 51 46 105
5 43 57 105
79 24 2 105
11 25 69 105
28 67 10 105
9 15 81 105
35 30 40 105
23 48 34 105
43 3 60 106
20 19 67 106
40 18 48 106
52 31 23 106
70 27 9 106
82 15 9 106
89 8 9 106
16 31 59 106
41 40 25 106
20 34 53 107
67 13 27 107
22 41 44 107
60 6 41 107
43 48 16 107
44 54 9 107
5 7 95 107
34 20 53 107
74 2 31 107
6 31 70 107
20 22 65 107
23 31 53 107
53 28 26 107
38 59 10 107
33 52 22 107
7 24 76 107
25 23 60 108
53 45 10 108
1 15 92 108
31 76 1 108
21 34 53 108
79 18 11 108
11 47 50 108
42 48 18 108
26 18 64 108
34 55 19 108
7 23 78 108
3 82 23 108
36 8 65 109
55 26 28 109
74 17 18 109
42 58 9 109
10 41 58 109
24 52 33 109
61 32 16 109
57 37 15 109
10 3 97 110
24 62 24 110
69 27 14 110
39 59 12 110
61 6 43 110
30 26 54 110
38 52 20 110
38 5 67 110
72 2 36 110
19 41 50 110
9 66 35 110
86 14 11 111
71 33 7 111
36 7 68 111
12 71 28 111
37 67 7 111
53 16 42 111
89 15 7 111
56 41 14 111
5 71 35 111
63 22 26 111
11 91 9 111
49 1 61 111
2 16 93 111
33 70 9 112
93 13 6 112
22 70 20 112
9 88 15 112
86 20 6 112
77 10 25 112
29 55 28 112
80 17 15 112
18 84 10 112
54 2 56 112
70 32 10 112
4 79 29 112
52 58 2 112
14 51 47 112
55 24 33 112
65 46 1 112
54 49 9 112
10 49 53 112
18 20 75 113
6 83 24 113
68 13 32 113
66 43 4 113
3 51 59 113
2 82 29 113
10 27 76 113
6 74 33 113
30 15 68 113
5 13 95 113
17 91 5 113
68 13 32 113
6 41 66 113
18 51 45 114
26 15 73 114
72 4 38 114
17 64 33 114
40 5 69 114
66 44 4 114
35 77 2 114
74 22 18 114
20 86 8 114
20 45 49 114
36 46 32 114
69 12 33 114
35 69 10 114
61 51 2 114
13 72 29 114
20 67 27 114
49 42 24 115
27 83 5 115
2 24 89 115
28 48 39 115
89 7 19 115
20 86 10 116
39 43 34 116
12 13 91 116
73 8 35 116
12 98 6 116
21 45 50 116
10 17 89 116
2 90 24 116
75 1 40 116
95 3 18 116
4 69 43 116
18 14 84 116
90 8 18 116
3 98 15 116
97 6 13 116
38 13 66 117
20 83 14 117
32 60 25 117
8 67 42 117
44 56 17 117
11 36 70 117
14 53 51 118
38 56 24 118
15 57 46 118
68 29 21 118
43 36 39 118
80 30 8 118
62 18 38 118
8 88 22 118
37 26 55 118
24 69 26 119
32 65 22 119
14 8 97 119
52 28 39 119
77 7 35 119
22 76 21 119
49 59 11 119
57 29 33 119
33 64 22 119
38 2 79 119
51 23 45 119
45 30 44 119
72 16 31 119
87 28 4 119
24 13 82 119
72 26 21 119
10 73 36 119
81 5 33 119
34 24 61 119
2 29 89 120
89 16 15 120
72 13 35 120
84 22 14 120
33 75 12 120
45 10 65 120
88 20 12 120
35 19 66 120
60 27 33 120
47 51 23 121
12 83 26 121
37 2 82 121
82 8 31 121
21 16 84 121
10 23 88 121
52 67 2 121
51 6 64 121
57 37 27 121
13 13 95 121
1 92 28 121
28 59 34 121
8 95 18 121
49 47 25 121
44 2 75 121
20 32 70 122
80 23 19 122
92 25 5 122
29 51 42 122
33 34 55 122
5 79 38 122
21 67 34 122
52 60 11 123
77 22 24 123
15 94 14 123
22 94 7 123
45 77 1 123
10 34 79 123
4 32 87 123
24 81 18 123
32 60 31 123
87 26 10 123
11 33 79 123
2 79 42 123
57 2 64 123
45 47 31 123
38 42 43 123
55 39 29 123
4 66 53 123
87 19 17 123
99 13 11 123
30 33 60 123
77 38 9 124
50 22 52 124
36 74 14 124
26 45 53 124
20 34 70 124
41 67 16 124
12 86 26 124
24 90 10 124
40 16 68 124
42 43 39 124
56 20 48 124
50 6 68 124
31 52 41 124
28 75 22 125
31 47 47 125
67 52 6 125
31 46 48 125
39 52 34 125
19 49 57 125
56 6 63 125
38 12 75 125
60 41 24 125
18 85 22 125
25 13 87 125
22 81 23 126
34 43 49 126
10 47 69 126
65 51 10 126
30 54 42 126
16 70 40 126
83 25 18 126
66 10 50 126
65 56 5 126
32 79 15 126
81 10 35 126
47 48 31 126
30 76 20 126
3 46 77 126
94 10 22 126
73 4 49 126
13 65 48 126
69 10 47 126
40 5 81 126
18 90 19 127
24 74 29 127
71 27 29 127
26 57 44 127
65 10 52 127
5 28 94 127
3 65 59 127
4 51 72 127
56 24 47 127
25 17 85 127
8 58 61 127
1 59 67 127
23 99 5 127
89 30 8 127
25 61 41 127
33 53 42 128
3 72 53 128
29 16 83 128
42 80 6 128
73 1 54 128
46 27 55 128
24 55 49 128
64 25 39 128
45 4 79 128
33 45 50 128
21 78 29 128
38 2 88 128
53 42 33 128
5 85 38 128
84 6 39 129
57 33 39 129
88 25 16 129
87 29 13 129
98 28 3 129
64 63 2 129
7 98 24 129
39 3 87 129
55 69 5 129
50 9 70 129
50 59 20 129
76 43 10 129
81 17 31 129
49 72 8 129
48 33 48 129
34 25 70 129
31 78 20 129
53 16 61 130
69 60 1 130
43 25 62 130
15 67 48 130
48 47 35 130
38 86 6 130
76 50 4 130
94 4 32 130
49 24 57 130
25 29 76 130
75 45 10 130
3 33 94 130
6 34 91 131
52 20 59 131
74 20 37 131
81 14 36 131
5 73 53 131
20 20 91 131
87 13 31 131
50 8 73 131
31 49 51 131
36 55 40 131
84 37 10 131
63 57 11 131
7 46 78 131
47 30 54 131
41 41 49 131
61 28 42 131
39 3 90 132
41 79 12 132
44 29 59 132
36 71 25 132
93 15 24 132
27 76 29 132
43 8 81 132
13 44 75 132
4 85 43 132
70 12 50 132
19 93 20 132
57 60 15 132
12 37 83 132
35 60 38 133
43 59 31 133
43 51 39 133
2 48 83 133
4 87 42 133
24 46 63 133
45 31 57 133
45 65 23 133
98 21 14 133
18 87 28 133
11 24 98 133
45 39 49 133
32 50 52 134
55 47 32 134
41 78 15 134
60 25 49 134
48 25 61 134
31 81 22 134
45 60 29 134
53 2 79 134
19 68 47 134
14 88 32 134
32 47 55 134
4 87 43 134
42 57 35 134
33 76 25 134
43 5 87 135
33 24 78 135
85 12 38 135
12 82 41 135
59 68 8 135
25 32 78 135
23 83 29 135
47 24 64 135
6 58 71 135
74 47 14 135
74 29 32 135
56 50 29 135
20 28 87 135
19 64 52 135
87 37 12 136
19 35 82 136
83 30 23 136
63 48 25 136
47 80 9 136
54 41 41 136
82 47 7 136
69 61 6 136
81 39 16 136
26 70 40 136
36 47 53 136
81 48 7 136
24 62 50 136
51 32 53 136
34 23 79 136
38 50 48 136
69 16 51 136
14 25 97 136
82 1 53 136
72 26 38 136
66 29 41 136
86 20 31 137
85 21 31 137
17 82 38 137
51 74 12 137
27 31 79 137
86 37 14 137
81 43 13 137
2 70 65 137
6 74 57 137
13 86 39 138
55 68 15 138
99 28 11 138
54 21 63 138
37 35 66 138
42 84 12 138
51 9 78 138
18 27 93 138
31 28 79 138
7 57 74 138
90 1 47 138
90 11 37 138
31 79 28 138
4 79 55 138
15 87 36 138
2 61 76 139
18 82 39 139
40 69 30 139
31 80 28 139
51 4 84 139
35 50 54 139
26 53 60 139
33 66 40 139
91 4 44 139
63 13 63 139
37 6 96 139
42 19 78 139
11 74 54 139
43 24 72 139
10 74 55 139
34 67 38 139
18 63 58 139
26 55 58 139
52 50 37 139
69 51 20 140
37 17 86 140
18 48 74 140
43 7 90 140
81 11 48 140
30 65 45 140
66 9 65 140
88 21 31 140
90 47 3 140
51 88 1 140
46 49 46 141
33 88 20 141
72 29 40 141
75 31 35 141
73 48 20 141
18 39 84 141
1 77 63 141
60 80 1 141
20 82 39 141
34 11 96 141
66 51 24 141
54 70 17 141
56 31 54 141
81 4 56 141
54 70 17 141
53 5 83 141
77 22 42 141
38 68 35 141
6 55 80 141
93 16 32 141
80 55 6 141
51 34 57 142
29 99 14 142
82 43 17 142
91 43 8 142
70 25 47 142
50 56 36 142
64 26 52 142
87 14 41 142
15 55 72 142
61 66 15 142
18 62 62 142
12 71 59 142
39 55 48 142
11 35 96 142
90 42 11 143
2 71 70 143
57 28 58 143
4 84 55 143
66 58 19 143
87 52 4 143
42 50 51 143
60 80 3 143
16 57 70 143
4 85 54 143
40 7 96 143
61 6 77 144
10 71 63 144
7 93 44 144
11 37 96 144
56 66 22 144
46 82 16 144
93 29 22 144
29 27 88 144
45 68 31 144
37 77 30 144
48 73 23 144
26 54 64 144
69 50 25 144
30 98 16 144
35 16 94 145
19 55 71 145
12 77 56 145
23 93 29 145
38 66 41 145
78 9 58 145
5 74 66 145
19 63 63 145
91 12 42 145
24 57 64 145
78 41 26 145
87 14 44 145
11 76 58 145
57 6 82 145
72 27 46 145
24 35 87 146
12 67 67 146
9 45 92 146
32 43 71 146
1 95 50 146
21 67 58 146
76 24 46 146
50 67 29 146
12 60 74 146
45 2 99 146
57 12 77 146
34 28 85 147
26 47 74 147
13 70 64 147
11 46 90 147
91 21 35 147
49 19 79 147
53 69 25 147
37 30 80 147
50 31 66 147
12 66 69 147
12 66 69 147
40 60 48 148
40 44 64 148
68 1 79 148
16 43 89 148
23 49 76 148
49 39 60 148
15 88 45 148
19 51 78 148
43 12 93 148
85 28 35 148
59 58 31 148
57 5 86 148
49 96 3 148
58 52 38 148
44 84 20 148
74 66 8 148
81 21 46 148
62 82 4 148
54 37 58 149
3 74 72 149
58 76 15 149
56 55 38 149
23 38 88 149
43 15 91 149
97 48 4 149
12 80 57 149
24 40 85 149
80 54 15 149
68 48 33 149
91 8 50 149
78 9 62 149
54 39 56 149
87 38 24 149
61 74 14 149
54 55 40 149
56 35 58 149
51 52 46 149
49 81 19 149
63 57 30 150
10 96 44 150
4 54 92 150
97 14 39 150
12 97 41 150
13 82 55 150
99 23 28 150
86 62 2 150
93 3 54 150
46 55 49 150
34 46 70 150
19 63 68 150
30 23 97 150
82 13 56 151
68 15 68 151
1 92 58 151
27 98 26 151
31 49 71 151
21 82 48 151
51 28 72 151
59 23 69 151
35 36 80 151
21 62 68 151
75 32 44 151
55 17 79 151
27 47 77 151
49 98 4 151
26 29 96 151
91 59 2 152
45 29 78 152
51 18 83 152
41 55 56 152
92 57 3 152
61 66 25 152
17 61 74 152
1 79 72 152
94 6 52 152
45 20 87 152
12 87 53 152
53 86 13 152
74 29 49 152
66 71 15 152
37 26 89 152
38 82 32 152
19 54 80 153
88 22 43 153
24 57 72 153
12 87 54 153
67 1 85 153
47 39 67 153
33 43 77 153
37 74 42 153
60 67 26 153
26 93 34 153
30 88 35 153
16 40 97 153
8 72 73 153
76 76 1 153
21 85 47 153
80 48 26 154
12 80 62 154
40 43 71 154
86 8 60 154
24 34 96 154
85 3 66 154
61 42 51 154
53 61 40 154
45 65 44 154
88 17 49 154
73 63 18 154
82 69 3 154
68 68 18 154
93 23 38 154
74 35 46 155
31 63 61 155
13 86 56 155
57 36 62 155
75 66 14 155
90 36 29 155
33 26 96 155
1 57 97 155
70 21 64 155
29 63 63 155
79 63 13 155
81 28 46 155
61 18 76 155
67 6 82 155
30 53 72 155
57 83 16 156
68 44 44 156
50 49 57 156
68 44 44 156
17 41 98 156
88 21 47 156
90 32 34 156
34 85 37 156
17 41 99 157
39 63 55 157
73 3 81 157
78 44 35 157
85 7 65 157
25 73 59 157
63 49 45 157
44 90 23 157
37 28 92 157
1 87 69 157
72 18 67 157
45 99 13 157
81 3 73 157
19 66 72 157
74 14 69 157
53 85 19 157
59 32 66 157
15 51 91 157
75 36 46 157
69 7 82 158
52 81 25 158
27 62 69 158
93 63 2 158
73 14 71 158
42 71 45 158
15 87 56 158
62 93 3 158
81 28 49 158
31 95 32 158
79 77 2 158
29 88 42 159
85 62 12 159
51 87 21 159
37 88 34 159
54 83 22 159
52 8 99 159
33 93 33 159
2 98 59 159
21 83 55 159
46 14 99 159
21 81 57 159
48 25 87 160
5 74 81 160
42 47 71 160
32 87 41 160
67 70 23 160
26 92 42 160
71 43 46 160
95 42 23 160
30 38 92 160
63 97 1 161
49 49 63 161
25 41 95 161
78 67 16 161
93 43 25 161
34 39 88 161
57 82 22 161
45 55 61 161
85 75 1 161
82 19 60 161
17 83 61 161
65 47 49 161
29 77 55 161
71 2 89 162
37 28 97 162
64 69 29 162
1 76 85 162
33 55 74 162
9 80 73 162
59 77 26 162
69 38 56 163
22 87 54 163
14 96 53 163
78 80 5 163
10 61 92 163
66 17 80 163
75 1 87 163
35 39 89 163
61 32 70 163
42 26 95 163
82 65 16 163
58 64 42 164
50 27 87 164
74 80 10 164
59 20 85 164
61 66 37 164
80 45 39 164
63 82 19 164
77 19 68 164
16 82 66 164
64 20 80 164
65 98 1 164
46 88 30 164
51 65 48 164
63 80 21 164
9 91 64 164
70 45 49 164
75 64 25 164
58 68 39 165
2 92 71 165
54 19 92 165
48 70 47 165
53 33 79 165
38 96 31 165
41 45 79 165
35 93 37 165
60 77 28 165
61 72 32 165
39 33 93 165
52 52 61 165
98 60 8 166
89 7 70 166
41 97 28 166
19 98 49 166
92 47 27 166
71 25 70 166
85 49 32 166
63 85 18 166
86 13 67 166
35 46 85 166
64 21 81 166
82 56 28 166
83 64 19 166
27 69 70 166
97 63 6 166
26 55 86 167
93 55 19 167
76 89 2 167
91 30 46 167
81 34 52 167
92 42 33 167
78 62 27 167
64 56 47 167
20 56 91 167
78 58 32 168
45 84 39 168
77 49 42 168
4 99 65 168
65 93 10 168
61 90 17 168
37 54 77 168
66 20 82 168
74 31 63 168
67 21 80 168
88 13 67 168
71 27 70 168
71 27 70 168
54 38 76 168
27 70 71 168
62 40 66 168
52 42 74 168
81 25 62 168
60 26 83 169
80 39 50 169
19 94 56 169
33 73 63 169
37 39 93 169
70 53 46 169
47 52 70 169
67 46 56 169
42 47 80 169
33 39 97 169
30 89 50 169
77 67 25 169
45 93 31 169
57 75 37 169
28 82 59 169
73 93 4 170
64 67 39 170
81 57 32 170
10 82 78 170
87 3 80 170
91 31 48 170
37 60 73 170
90 14 66 170
58 17 95 170
18 99 53 170
77 8 85 170
10 71 89 170
53 21 96 170
72 68 30 170
64 37 69 170
79 41 50 170
66 47 57 170
15 96 59 170
53 81 36 170
17 80 73 170
73 4 93 170
72 68 30 170
72 34 65 171
46 29 96 171
57 74 40 171
76 39 56 171
36 54 81 171
31 62 78 171
83 6 82 171
31 59 81 171
20 74 77 171
26 66 79 171
23 70 78 171
74 61 36 171
42 62 67 171
27 88 56 171
62 24 85 171
74 27 70 171
83 43 45 171
76 11 84 171
69 14 89 172
82 45 45 172
53 36 83 172
78 75 19 172
40 57 75 172
84 51 37 172
5 86 81 172
34 95 43 172
74 78 20 172
93 66 13 172
58 38 76 172
55 54 63 172
42 94 36 172
55 91 27 173
19 59 95 173
75 5 93 173
1 79 93 173
9 69 95 173
24 89 60 173
88 32 53 173
3 74 96 173
55 94 24 173
28 96 49 173
63 50 60 173
74 46 53 173
94 71 8 173
76 39 58 173
91 23 59 173
32 71 70 173
50 82 41 173
42 73 58 173
17 76 81 174
74 28 72 174
54 91 29 174
76 31 67 174
89 10 75 174
76 89 9 174
90 61 23 174
65 62 47 174
63 52 59 174
55 48 71 174
17 90 67 174
90 21 63 174
59 74 41 174
97 70 7 174
27 68 80 175
65 61 49 175
59 86 30 175
67 9 99 175
77 41 57 175
17 97 61 175
62 82 31 175
37 69 69 175
45 78 52 175
94 2 79 175
18 70 87 175
94 70 11 175
54 89 33 176
48 89 39 176
86 25 65 176
93 12 71 176
7 98 71 176
2 94 80 176
93 40 43 176
89 22 65 176
93 19 64 176
82 91 4 177
90 41 46 177
74 68 35 177
77 94 6 177
66 16 95 177
43 75 59 177
69 62 46 177
43 53 81 177
60 72 45 177
14 86 77 177
93 30 54 177
50 48 79 177
92 20 65 177
17 78 82 177
70 24 83 177
32 92 53 177
80 72 25 177
77 59 42 178
87 74 17 178
94 49 35 178
67 36 75 178
32 66 80 178
77 75 26 178
37 97 44 178
84 20 74 178
44 69 65 178
85 19 74 178
27 79 72 178
74 10 94 178
83 28 67 178
48 79 52 179
35 78 66 179
55 61 63 179
16 89 74 179
19 66 94 179
51 90 38 179
55 44 80 179
13 84 82 179
35 46 99 180
69 48 63 180
8 98 74 180
83 93 4 180
54 48 78 180
90 68 22 180
2 96 82 180
23 88 69 180
72 67 41 180
46 73 61 180
88 58 34 180
38 51 91 180
98 69 13 180
43 62 75 180
40 73 67 180
77 34 70 181
76 96 9 181
72 46 63 181
87 29 65 181
88 24 69 181
91 34 56 181
24 79 78 181
59 43 79 181
66 44 71 181
14 78 89 181
31 88 62 181
50 56 76 182
74 23 85 182
9 82 91 182
67 44 71 182
36 88 58 182
32 68 82 182
38 62 82 182
59 76 47 182
70 30 82 182
96 81 5 182
54 59 69 182
97 81 4 182
81 94 8 183
43 41 99 183
73 44 66 183
15 93 75 183
66 81 36 183
49 63 71 183
78 52 53 183
92 86 5 183
81 84 18 183
60 97 26 183
49 61 73 183
34 96 53 183
55 75 53 183
44 65 74 183
98 23 62 183
79 89 15 183
58 84 42 184
48 38 98 184
11 77 96 184
97 6 81 184
58 72 54 184
79 88 17 184
78 54 52 184
63 41 80 184
76 63 45 184
76 72 36 184
85 48 51 184
77 46 61 184
70 50 64 184
53 84 47 184
28 62 94 184
81 56 47 184
55 88 41 184
85 19 80 184
70 80 35 185
57 39 89 185
88 11 86 185
96 18 71 185
1 87 97 185
75 83 27 185
75 91 19 185
61 78 46 185
31 79 76 186
21 75 90 186
38 50 98 186
27 62 97 186
90 13 83 186
95 25 66 186
10 90 86 186
53 42 91 186
85 70 31 186
64 97 25 186
22 79 85 186
78 65 43 186
68 29 89 186
87 37 62 186
56 73 57 186
35 77 74 186
97 48 42 187
56 99 32 187
6 86 95 187
83 68 36 187
60 41 86 187
23 88 76 187
85 60 42 187
93 40 54 187
89 94 4 187
73 70 44 187
97 6 84 187
77 57 53 187
72 18 97 187
52 90 46 188
4 86 98 188
85 92 11 188
91 73 24 188
51 42 95 188
88 26 74 188
19 99 70 188
70 86 32 188
76 57 55 188
57 79 52 188
8 98 82 188
76 26 86 188
65 35 88 188
70 98 21 189
64 48 77 189
58 71 60 189
75 86 28 189
80 95 14 189
27 71 91 189
36 89 64 189
77 37 75 189
96 12 81 189
91 62 36 189
89 48 52 189
80 55 54 189
81 35 73 189
16 75 98 189
76 39 74 189
42 96 51 189
58 72 59 189
65 49 76 190
63 85 42 190
57 55 78 190
20 99 71 190
42 78 70 190
42 96 52 190
63 95 32 190
93 35 62 190
43 95 52 190
87 52 51 190
60 43 87 190
5 86 99 190
95 91 4 190
48 76 66 190
87 98 6 191
37 81 73 191
86 45 60 191
38 72 81 191
28 78 85 191
78 50 63 191
86 12 93 191
42 64 85 191
80 19 92 191
68 57 66 191
97 16 78 191
72 75 44 191
70 57 65 192
54 81 57 192
81 27 84 192
53 85 54 192
41 52 99 192
86 49 57 192
85 14 93 192
77 20 95 192
63 58 71 192
25 96 71 192
44 73 75 192
74 82 36 192
21 76 95 192
33 90 70 193
71 98 24 193
8 90 95 193
84 59 50 193
48 78 67 193
86 96 11 193
40 76 77 193
89 27 77 193
73 77 43 193
66 55 72 193
78 45 70 193
60 75 58 193
85 64 44 193
77 37 79 193
30 74 89 193
94 50 49 193
64 76 53 193
42 77 74 193
65 67 62 194
84 64 46 194
28 68 98 194
58 40 96 194
80 74 40 194
97 30 67 194
70 28 96 194
79 90 25 194
98 72 24 194
36 98 60 194
89 16 89 194
95 74 26 195
2 96 97 195
56 79 60 195
26 88 81 195
69 33 93 195
40 60 95 195
90 16 89 195
34 80 81 195
65 45 85 195
90 48 57 195
62 38 96 196
94 25 77 196
58 61 77 196
60 90 46 196
65 41 90 196
91 30 75 196
68 30 98 196
65 96 35 196
91 44 61 196
48 89 59 196
99 36 62 197
95 35 67 197
51 87 59 197
89 65 43 197
88 59 50 197
38 84 75 197
79 72 46 197
56 58 83 197
93 8 96 197
69 58 70 197
33 75 89 197
85 33 80 198
87 30 81 198
31 69 98 198
62 57 79 198
97 80 21 198
84 55 59 198
96 64 38 198
92 95 11 198
56 62 80 198
56 68 75 199
49 81 69 199
90 85 24 199
85 47 67 199
94 53 52 199
65 98 36 199
59 62 78 199
84 63 52 199
69 68 62 199
80 92 27 199
38 90 71 199
5 99 95 199
77 90 32 199
21 86 92 199
92 98 9 199
29 80 91 200
84 41 75 200
94 35 71 200
89 55 56 200
95 51 54 200
80 66 54 200
7 94 99 200
51 87 62 200
96 73 31 200
58 91 52 201
6 98 97 201
42 74 85 201
87 60 54 201
81 32 88 201
77 51 73 201
29 84 88 201
77 69 55 201
64 57 80 201
87 84 30 201
45 64 93 202
94 96 12 202
63 47 92 202
99 28 75 202
21 92 89 202
70 69 63 202
30 87 85 202
9 98 95 202
96 26 80 202
62 96 44 202
68 74 60 202
87 99 17 203
77 33 93 203
76 52 75 203
79 53 71 203
39 88 76 203
34 94 75 203
31 93 79 203
95 13 95 203
89 49 65 203
83 72 48 203
59 47 97 203
97 53 53 203
44 87 72 203
90 97 16 203
94 45 65 204
59 55 90 204
94 34 76 204
93 42 69 204
66 96 42 204
66 86 52 204
89 58 57 204
34 83 88 205
68 41 96 205
41 98 66 205
38 69 98 205
92 81 32 205
64 52 89 205
35 80 90 205
91 90 24 205
77 92 37 206
70 84 52 206
97 23 86 206
43 92 71 206
35 96 76 207
57 93 57 207
69 83 55 207
96 69 42 207
86 98 24 208
54 63 91 208
63 98 47 208
71 81 57 209
92 21 96 209
60 68 81 209
91 67 51 209
94 34 81 209
96 19 94 209
99 73 37 209
68 50 91 209
42 79 89 210
55 65 90 210
97 34 79 210
65 88 57 210
82 49 79 210
52 88 70 210
67 94 49 210
80 79 51 210
92 54 64 210
65 54 91 210
76 88 46 210
97 59 54 210
50 82 79 211
85 84 42 211
91 88 32 211
70 50 91 211
41 75 95 211
99 77 35 211
85 54 72 211
74 82 55 211
81 39 91 211
96 75 40 211
39 93 80 212
62 71 79 212
64 60 88 212
45 78 89 212
83 66 63 212
65 96 51 212
94 57 61 212
65 59 88 212
44 84 84 212
87 99 26 212
81 32 99 212
65 66 81 212
97 63 52 212
94 28 91 213
36 95 82 213
91 23 99 213
83 37 93 213
98 74 41 213
97 96 20 213
64 75 74 213
77 56 80 213
70 81 62 213
89 76 49 214
90 64 60 214
81 80 53 214
87 94 33 214
40 88 86 214
69 70 75 214
81 85 48 214
45 86 83 214
44 96 74 214
99 23 93 215
54 94 67 215
96 94 25 215
82 74 59 215
76 56 84 216
94 70 52 216
86 61 69 216
84 84 48 216
93 99 24 216
29 92 95 216
90 85 41 216
84 77 55 216
98 33 85 216
99 49 68 216
78 49 89 216
50 83 84 217
73 89 55 217
87 62 68 217
38 95 84 217
25 93 99 217
87 79 51 217
68 84 65 217
98 24 96 218
99 32 87 218
55 84 79 218
58 93 67 218
51 74 93 218
74 70 74 218
48 89 81 218
73 92 53 218
76 58 84 218
93 83 43 219
93 40 86 219
72 89 58 219
88 90 41 219
73 67 79 219
97 31 92 220
82 88 50 220
75 95 50 220
63 81 76 220
72 54 94 220
79 74 68 221
92 91 38 221
90 81 50 221
80 67 74 221
96 61 64 221
37 92 92 221
61 87 73 221
81 66 74 221
90 96 36 222
92 95 35 222
67 56 99 222
90 55 78 223
96 84 43 223
78 49 96 223
38 99 86 223
51 90 82 223
99 62 62 223
50 86 87 223
41 90 93 224
68 89 67 224
58 98 68 224
48 88 89 225
97 56 72 225
45 81 99 225
69 69 88 226
55 87 84 226
70 86 70 226
62 79 85 226
40 91 95 226
79 77 71 227
68 88 71 227
87 80 60 227
97 80 50 227
67 71 90 228
71 77 80 228
87 83 58 228
80 99 49 228
54 90 84 228
52 93 84 229
60 89 80 229
54 91 85 230
87 62 81 230
90 94 46 230
80 97 53 230
89 57 84 230
62 73 95 230
87 73 70 230
58 88 84 230
64 97 70 231
97 85 50 232
98 94 40 232
96 70 66 232
87 57 88 232
56 93 84 233
52 85 96 233
46 98 89 233
57 82 94 233
84 77 72 233
94 60 79 233
98 64 72 234
79 63 92 234
91 99 44 234
76 95 63 234
97 74 63 234
97 65 72 234
87 76 71 234
93 63 79 235
62 81 92 235
76 78 81 235
88 73 74 235
73 68 96 237
85 56 96 237
95 91 52 238
58 98 82 238
86 60 92 238
91 72 75 238
73 95 70 238
92 89 57 238
90 99 50 239
53 96 90 239
99 66 75 240
93 82 65 240
67 82 91 240
66 94 81 241
46 97 98 241
96 55 90 241
66 98 77 241
61 82 98 241
73 74 95 242
83 99 60 242
90 58 95 243
79 97 67 243
91 79 73 243
89 78 76 243
50 95 99 244
81 72 91 244
82 93 69 244
81 70 93 244
97 88 60 245
88 97 61 246
97 67 82 246
59 93 94 246
90 91 65 246
83 89 75 247
96 73 78 247
87 67 94 248
91 74 83 248
98 68 82 248
85 70 93 248
90 72 87 249
97 75 77 249
82 92 76 250
81 87 83 251
78 80 93 251
78 81 92 251
68 88 95 251
77 76 99 252
72 83 97 252
87 74 92 253
65 95 93 253
71 91 92 254
83 79 92 254
94 92 69 255
97 60 99 256
83 88 86 257
65 95 98 258
92 97 69 258
81 81 97 259
68 93 98 259
91 98 74 263
95 69 99 263
96 87 83 266
88 86 93 267
70 99 99 268
94 99 75 268
99 79 93 271
90 83 99 272
88 88 96 272
94 96 87 277
87 99 93 279
Sorting time: 0.012319 seconds